"baseMean"	"log2FoldChange"	"lfcSE"	"stat"	"pvalue"	"padj"
"comp8159_c0_seq1"	55405.4099974111	3.69131006446964	0.15751039245272	728.703019746563	2.12256351780514e-156	9.59398710047922e-154
"comp176_c0_seq1"	166155.052514539	-1.62538177194131	0.0842518923605117	655.825728328355	1.27741910744714e-140	2.88696718283053e-138
"comp591_c0_seq1"	72933.7286627331	-4.05085007553488	0.184106693459765	620.822387313739	4.82464866369336e-133	7.26913731996466e-131
"comp75_c0_seq2"	233833.672294997	-1.78317840867141	0.0997923799009754	577.442330965081	1.18024249055474e-123	1.33367401432686e-121
"comp469_c0_seq1"	50098.4407921875	-1.6512193607376	0.0915901856053119	523.718590918163	4.96222310518403e-112	4.48584968708637e-110
"comp886_c0_seq1"	54056.7209691651	-1.87446693057846	0.106689910116544	516.341654637344	1.95623228542621e-110	1.47369498835441e-108
"comp3293_c0_seq1"	137150.820150559	4.05115840657046	0.217941234767996	452.481261877801	1.26307281326026e-96	8.1558415941948e-95
"comp2745_c0_seq1"	128716.860298977	3.46501630256686	0.203388364225929	431.563263398043	4.20001206444129e-92	2.37300681640933e-90
"comp266_c0_seq1"	96981.5257841657	-1.66780276099692	0.106005496528083	400.969203530027	1.71745595492221e-85	8.6254454624982e-84
"comp7242_c0_seq1"	60122.9271522335	3.46939617412649	0.205796398388239	396.402596247377	1.66556690610155e-84	7.528362415579e-83
"comp310_c0_seq2"	180052.566537108	-1.95826731938163	0.122498639655489	365.801416884147	6.78914352143848e-78	2.78972079244563e-76
"comp3087_c0_seq1"	249506.419640541	3.70349072443376	0.228885053835711	354.875359128905	1.55339338138556e-75	5.85111506988563e-74
"comp2725_c0_seq1"	265885.451454352	2.24413537362843	0.131830704197104	345.563868027415	1.59134414815259e-73	5.53298119203824e-72
"comp361_c0_seq4"	64226.6373223321	-2.3268725378851	0.163719017526817	334.007091444291	4.97278957379089e-71	1.60550063382391e-69
"comp866_c0_seq9"	660514.628972364	4.74372055453987	0.288270465325007	332.003193126073	1.34630434878811e-70	4.05686377101485e-69
"comp114_c0_seq1"	95086.3695627274	-1.61796828372987	0.120607924751241	323.216469029535	1.06066455189415e-68	2.99637735910096e-67
"comp233_c0_seq1"	65086.9199306536	-1.40659287952542	0.105581846478327	315.905575147314	4.01092096315605e-67	1.06643310314502e-65
"comp1839_c0_seq1"	207210.081269572	3.21968371708584	0.221086535651096	313.762336724268	1.16333447225085e-66	2.9212621192077e-65
"comp9661_c0_seq1"	37213.7419401895	2.56756172024665	0.179989927689277	307.520820936171	2.58441391946752e-65	6.148184692628e-64
"comp449_c0_seq1"	40647307.0122664	5.44854058804928	0.323457720033647	305.218867115738	8.10929327541167e-65	1.83270028024304e-63
"comp9287_c0_seq1"	48972.9308661843	3.2828944867267	0.229853668337977	281.036869801719	1.33177891201562e-59	2.86649556300505e-58
"comp149_c0_seq1"	92933.8865171014	-1.33162472795644	0.118744605317093	278.384091762253	4.9703379929561e-59	1.02117853309825e-57
"comp17483_c0_seq1"	18022.0837921001	2.34355580476387	0.215122265206626	273.178261561051	6.58685860780368e-58	1.29446090901185e-56
"comp162_c0_seq1"	211116.626013482	-1.28422512070275	0.106412007474542	268.755945392755	5.91474430545236e-57	1.11394351086019e-55
"comp42_c0_seq1"	22352777.7284311	4.9013459270344	0.322158169584703	260.60310715628	3.38083645255704e-55	6.11255230622312e-54
"comp357_c0_seq1"	126688.355506148	-1.40530954254833	0.122467627225331	259.63103028084	5.47642778045337e-55	9.52055906448047e-54
"comp7268_c0_seq3"	15349.9768874268	2.93686020066313	0.209420233585222	258.887555783781	7.91963038330762e-55	1.32580479009446e-53
"comp18782_c0_seq2"	25210.2607523015	3.75221159979428	0.286895435168084	256.762993294915	2.27246183491705e-54	3.66840267636609e-53
"comp3203_c0_seq1"	112298.207707905	3.12025767019252	0.249199285877061	253.654355209645	1.06237981541176e-53	1.6558471605728e-52
"comp1245_c0_seq1"	4463364.39324484	4.00838053493892	0.274026016652701	246.694580412681	3.35419904667144e-52	5.05365989698497e-51
"comp1091_c0_seq1"	62206.6156565918	-1.40302594245343	0.112559783552344	236.958240256128	4.19241169038694e-50	6.11280672275773e-49
"comp259_c0_seq1"	159257.266605524	-1.57454689735428	0.115376506674346	234.880884109706	1.17425950144372e-49	1.65864154578926e-48
"comp866_c0_seq5"	732265.565442381	3.97705559708218	0.283903892147652	233.482140894786	2.34922856604205e-49	3.21773124803336e-48
"comp1196_c0_seq1"	4435274.42131311	2.51927699323924	0.190929944058784	228.159622886085	3.28674896885922e-48	4.36944274683637e-47
"comp453_c0_seq1"	67541.2347483951	-1.64392089066331	0.150408600096256	216.379105772317	1.12734091575632e-45	1.41543914978293e-44
"comp72_c0_seq1"	93516.0680978204	-1.55279297765283	0.137892425702637	216.403835940288	1.11361317505272e-45	1.41543914978293e-44
"comp2751_c0_seq1"	220313.610995118	2.25180433713833	0.182277016149981	214.227161366156	3.2737327549431e-45	3.99926271684941e-44
"comp9523_c0_seq1"	31996.3030855999	3.74169536713107	0.300537920450816	211.095358171371	1.54443412629756e-44	1.83706375022762e-43
"comp11567_c0_seq1"	13345.8794310876	3.14695406215955	0.23783426993109	208.549583008155	5.44951482195564e-44	6.3158479474973e-43
"comp11696_c0_seq1"	8050.90213622625	2.56292902920233	0.217065073065862	205.305483754295	2.71682362599877e-43	3.07001069737861e-42
"comp22239_c0_seq1"	43521.6811306464	4.29308689451422	0.359589728604876	205.058745535469	3.06988959468784e-43	3.38436608975342e-42
"comp1795_c0_seq1"	159872.584070597	2.23116777305039	0.196059080686397	204.805811117156	3.47949268165305e-43	3.74459688596947e-42
"comp13881_c0_seq1"	2094386.91974818	3.49473927728702	0.270610022597166	197.585270668781	1.24165834945454e-41	1.30518505570571e-40
"comp259_c0_seq2"	114464.017990889	-0.520092311959783	0.0716365679886242	196.541187816948	2.08182371917598e-41	2.13860072969896e-40
"comp213_c0_seq1"	79089.837053137	-1.18602228830005	0.133279036745695	195.208160757864	4.02699756713094e-41	4.04489533409596e-40
"comp5446_c0_seq1"	20153.9364091309	1.54999740205328	0.161954004127348	191.197346170647	2.93085924989187e-40	2.87988778467636e-39
"comp271_c0_seq1"	107038.130304119	-0.963031766308524	0.101347572670213	189.906328084655	5.55167606184858e-40	5.33905868075651e-39
"comp824_c0_seq1"	51637.1224624319	-1.58304899950048	0.162952954365808	188.496386581674	1.11528656591777e-39	1.02879495468333e-38
"comp866_c0_seq7"	40718.4651825954	3.02151824193652	0.275956358022149	188.516125324761	1.10444795531731e-39	1.02879495468333e-38
"comp1210_c0_seq1"	145331.160162344	2.27368016949399	0.198632639216638	188.158938417529	1.31793020297268e-39	1.19140890348731e-38
"comp4965_c0_seq1"	69037.0432815385	2.06028106224909	0.201237144468837	184.712856938468	7.24864742439549e-39	6.42429144279758e-38
"comp821_c0_seq1"	167265.534098143	-1.51854542123658	0.137892947298727	183.74890028039	1.16769529893231e-38	1.01499668291808e-37
"comp2284_c0_seq1"	130640.071515348	2.07681887426509	0.21113145424617	178.872331289753	1.3022936366515e-37	1.11063532786128e-36
"comp509_c0_seq1"	120105.622919417	-1.04354691622945	0.109611405935562	178.169596734192	1.84338121938859e-37	1.54297835400675e-36
"comp439_c0_seq1"	97329.3380827289	-1.64296229913754	0.161452931673773	176.040767751572	5.28107640125088e-37	4.3400846061189e-36
"comp223_c0_seq1"	210444.048638501	-1.12361946092625	0.113185651934877	175.949705129254	5.524261926436e-37	4.45886855490905e-36
"comp680_c0_seq1"	139301.990795937	1.57326064233781	0.158087208135854	173.695222726904	1.6838041501207e-36	1.33522715062203e-35
"comp866_c0_seq6"	646469.03049678	3.22261813192789	0.273830821368945	173.508862122649	1.84628339729209e-36	1.43882775099314e-35
"comp404_c0_seq1"	68288.3396748972	-1.68035295532638	0.179671355805228	172.312544907001	3.33506989355674e-36	2.55500269811466e-35
"comp1292_c0_seq1"	126356.101697521	1.76884868733655	0.197565995264028	169.918214524194	1.08898130743216e-35	8.20365918265561e-35
"comp1200_c0_seq1"	257105.00304198	2.56340941046156	0.257322240476408	169.757128903983	1.17921393524918e-35	8.73778194643654e-35
"comp14849_c0_seq1"	25571.5536894523	1.88863380912579	0.200432081943033	168.713790976851	1.97471483990149e-35	1.43963081876689e-34
"comp463_c0_seq1"	65341.3646248206	-1.04315305355739	0.10641248874691	168.515680708398	2.1778060729381e-35	1.56248943645718e-34
"comp2784_c0_seq1"	213113.303920595	2.08091511136076	0.200422862464508	165.22075444088	1.10924941420397e-34	7.83407398781556e-34
"comp72_c0_seq3"	101430.654165988	-1.72828819603343	0.157058656151357	162.009372875842	5.41938923151716e-34	3.76855989637809e-33
"comp1027_c0_seq1"	168354.011303493	1.49649004519679	0.188182489817113	161.844888707381	5.87803079644034e-34	4.0255604848349e-33
"comp2205_c0_seq1"	130353.364986871	1.69507810122704	0.179863445546136	160.58985350039	1.09249593987457e-33	7.37027111676574e-33
"comp1454_c0_seq1"	71979.8027094981	-1.81449220812015	0.17847755773813	159.701770730923	1.69389267798345e-33	1.12594042713017e-32
"comp1897_c0_seq2"	1517223.68009529	3.25228723928157	0.279700289767193	157.475291636962	5.08555449415421e-33	3.33140671211262e-32
"comp95_c0_seq1"	103285.492059815	-1.29988139538098	0.160846929542627	155.874170902274	1.12107570264439e-32	7.23894596564663e-32
"comp274_c0_seq1"	66574.5870879273	-2.09901787845189	0.213240557436578	155.672052760078	1.23870524360383e-32	7.88584183252016e-32
"comp19941_c0_seq1"	8831.18309679336	3.08533261248122	0.321368013464763	154.645858341331	2.05573655098175e-32	1.29054572367188e-31
"comp1268_c0_seq1"	28574.7282949832	-1.13903560481554	0.113962161457681	154.558397259706	2.14643054579741e-32	1.3290227489047e-31
"comp22419_c0_seq1"	344265.415261571	2.87639459773872	0.279963745843945	153.669656212985	3.32837388655318e-32	2.03300675232708e-31
"comp448_c0_seq1"	122781.135479998	-1.01632531650648	0.132395850072753	153.243635993587	4.10724926741086e-32	2.47530222515961e-31
"comp866_c0_seq3"	59656.2302363137	2.39979892937119	0.235151580389162	153.090392481454	4.42994725984571e-32	2.6346528440135e-31
"comp124_c1_seq1"	1285655.14661269	3.23714787643094	0.298834234240154	150.863136265005	1.32971622737817e-31	7.80560694512901e-31
"comp1509_c1_seq1"	236526.75903162	2.15137679320085	0.227236891556635	149.946455114598	2.09026600868071e-31	1.21128235374831e-30
"comp2678_c0_seq2"	174368.74406304	2.73067149475401	0.263743969441343	148.864457075763	3.56492837611519e-31	2.03968053924565e-30
"comp61_c0_seq1"	185993.520085223	-0.932977337905721	0.122985647707798	148.714418631562	3.83883204445257e-31	2.1689401051157e-30
"comp250_c0_seq1"	67094.8798888741	-0.653150139719436	0.105242584494207	148.363059122175	4.56543548036239e-31	2.5476257248442e-30
"comp3048_c0_seq2"	101039.496632117	1.29601043415051	0.167075651365305	146.811746832834	9.81389608229032e-31	5.40961101121369e-30
"comp2459_c0_seq1"	143536.500308618	2.57933406382087	0.263282980762767	143.807169905953	4.31935312283704e-30	2.35222603797873e-29
"comp434_c0_seq1"	91950.8477516004	-1.02634807279151	0.111002181012042	143.780727377052	4.37604586557921e-30	2.35472944195453e-29
"comp1897_c0_seq1"	3210816.14093091	2.87479303241206	0.271932642261455	143.016506153331	6.37892829290446e-30	3.39208892752096e-29
"comp10521_c0_seq1"	14925.2650449214	1.62889848035812	0.182974424037634	142.901503705491	6.7511170719205e-30	3.54826153082333e-29
"comp1277_c0_seq1"	227966.408538792	2.10547541349789	0.221991729745416	142.187120397643	9.60186464695807e-30	4.9885549660058e-29
"comp973_c0_seq1"	250802.430814042	2.15490793285167	0.230486929232637	141.397062980289	1.41751660773956e-29	7.280880757935e-29
"comp6132_c0_seq2"	128339.711131498	2.3098326756564	0.241326697434404	141.364231994399	1.4406479647627e-29	7.31654921430048e-29
"comp5591_c0_seq1"	20359.9242050974	2.19310097155741	0.240348140793075	137.673879108464	8.88346099136646e-29	4.46147152010849e-28
"comp116_c0_seq1"	205472.30751442	1.91544199321835	0.208460678787671	136.614165784353	1.49757452922278e-28	7.43850205723842e-28
"comp1753_c0_seq1"	19763.0135612527	-2.34397061427192	0.232340777458354	134.080465757955	5.21870305984002e-28	2.5639715033127e-27
"comp718_c0_seq1"	112241.842898867	-1.03678447410811	0.130905933525653	131.851584966797	1.56453625616822e-27	7.6039826643875e-27
"comp7268_c0_seq2"	20824.5830543912	2.38624485519621	0.254026251603351	128.045201146689	1.01953511632243e-26	4.90244545295466e-26
"comp193_c0_seq3"	202177.181594164	-0.649687778332178	0.0942183652707585	127.28848741619	1.47974203695981e-26	7.0404568495351e-26
"comp383_c0_seq1"	70324.0444031863	-1.32710360886804	0.146979530145901	126.987822968986	1.71578681061474e-26	8.07849623331108e-26
"comp7562_c0_seq1"	363387.213700471	2.61180107271451	0.267859891057046	126.343627714486	2.35599380988296e-26	1.0978445382135e-25
"comp194_c0_seq1"	25623.6640213017	-2.22501486652314	0.257710005962274	125.502361537657	3.56448418496151e-26	1.64402739959449e-25
"comp393_c0_seq1"	29866.0043620342	-1.69362070450721	0.188069553691853	124.803976422073	5.02647743454578e-26	2.29491697011585e-25
"comp439_c0_seq2"	40764.5506929723	-1.46957132918876	0.187019440823566	124.152350886135	6.92667641782129e-26	3.13085774085522e-25
"comp7513_c0_seq3"	9799.55496896248	-2.85126980442993	0.255672528420475	123.719841894414	8.56942164560896e-26	3.83502830080718e-25
"comp989_c0_seq2"	35353.1285217729	-0.639058231003967	0.115809915703852	120.848502075969	3.51901461706356e-25	1.55940647736542e-24
"comp559_c0_seq1"	80954.6651946038	-0.9001923979259	0.122615291632081	120.088810920468	5.11318972764171e-25	2.24384636591656e-24
"comp310_c0_seq1"	139221.713060538	-1.78109094019011	0.208080613596338	118.094355417188	1.36341839472661e-24	5.92562610015796e-24
"comp348_c0_seq1"	114617.094998348	-1.17068380690098	0.143894023108294	117.386781805512	1.93068070615811e-24	8.31112075412824e-24
"comp126_c0_seq2"	32974.7838491598	-1.13938441100231	0.164488406270253	116.081140639576	3.66818413018281e-24	1.56416908192701e-23
"comp296_c0_seq1"	177463.545880627	-1.05831877622438	0.148175264694384	115.281353600996	5.4346440730474e-24	2.29575618786675e-23
"comp1229_c0_seq1"	169612.362833995	1.89962997567307	0.211854465265819	114.710581720451	7.19438888602133e-24	3.01098497822374e-23
"comp2605_c0_seq1"	113752.169315063	1.63509246441831	0.195646629822946	111.61818357511	3.28728412815418e-23	1.36316736323458e-22
"comp521_c0_seq1"	72900.5970637207	-0.980541793406427	0.132513918787337	111.138140418011	4.16139062373075e-23	1.70995323811482e-22
"comp27180_c0_seq1"	1344.89594309971	-13.429136627296	1.54988145850406	110.732951695641	5.07768715241731e-23	2.06767080440777e-22
"comp7562_c0_seq2"	705548.530633798	2.10978220191074	0.217198770243984	110.229146659286	6.50310244434114e-23	2.6244663436091e-22
"comp1752_c0_seq1"	205849.233099119	2.18277906324135	0.290850439604961	109.277845889514	1.03751881760515e-22	4.1500752704206e-22
"comp358_c0_seq1"	95264.6518289307	-1.09268575956908	0.121744820274173	108.840129007512	1.28627345792637e-22	5.09996142967296e-22
"comp2385_c0_seq1"	75809.0325350968	2.21568098960231	0.255884373620167	108.71233046846	1.36956730054786e-22	5.38299495519679e-22
"comp796_c0_seq1"	32222.1899925094	-3.16552359885566	0.348334696481931	107.831687722064	2.11029993491715e-22	8.22289284984959e-22
"comp415_c0_seq1"	184724.204885937	-0.883354622007487	0.145428580359085	107.581460828908	2.38610578413846e-22	9.21811807205627e-22
"comp3212_c0_seq1"	126639.202483648	1.54582141561756	0.223895729910281	107.465075791953	2.52639282669518e-22	9.6773691327646e-22
"comp590_c0_seq2"	515257.437878372	3.03131571891339	0.345461126987248	103.844259440557	1.49328563317849e-21	5.67197568232501e-21
"comp866_c0_seq2"	755983.123764597	2.67708854449771	0.294168403656154	103.343314448408	1.90924375900805e-21	7.19148482559699e-21
"comp7268_c0_seq1"	21808.9690930942	1.22072196642556	0.163639324650581	103.138438308038	2.11107766777548e-21	7.88600913912825e-21
"comp361_c0_seq2"	122343.723955597	-0.294742553089262	0.086051863582221	103.009753825961	2.24861865991513e-21	8.33094782198064e-21
"comp20767_c0_seq1"	9149.65804145305	2.96946860563856	0.357938634243118	102.944467832747	2.32178709428383e-21	8.53209566354708e-21
"comp824_c0_seq3"	74984.7839050063	-1.26280245268324	0.167245410697644	102.461338773672	2.94258199210956e-21	1.07261859712381e-20
"comp590_c0_seq1"	3039044.11476343	2.61646787049848	0.28857814999885	102.380027564695	3.06229409787338e-21	1.10732554579101e-20
"comp185_c0_seq1"	152044.140457278	-1.09385284894063	0.151549798455174	100.629241866407	7.22568283585258e-21	2.59207035063918e-20
"comp73_c0_seq1"	99928.2831189831	-1.32651102875079	0.175127269337497	100.003023470433	9.8220562231908e-21	3.49572394715137e-20
"comp18782_c0_seq1"	6428.94152819594	4.84667954206528	0.536662235264581	99.8596699031119	1.0537084600868e-20	3.7209079996815e-20
"comp4872_c0_seq1"	26365.6618816008	1.2947840477008	0.190618700049479	99.1800321384856	1.47026114780231e-20	5.15161270392746e-20
"comp1201_c0_seq1"	57907.2170701485	-1.4259962086402	0.183350615815468	98.1588098022294	2.42518255634378e-20	8.36780546158311e-20
"comp253_c0_seq1"	112385.533343752	-0.769825960307262	0.123757405079495	98.1636645824042	2.41942009693153e-20	8.36780546158311e-20
"comp126_c0_seq1"	29817.3986027501	-0.944984635907355	0.144198442863361	96.3735250699226	5.815715708176e-20	1.99144204552693e-19
"comp1151_c0_seq1"	69291.6468760488	-1.39165360652355	0.209848208687124	96.1822675846976	6.38688399367679e-20	2.17058012416685e-19
"comp792_c0_seq1"	99364.7765630991	-0.835446367359459	0.141803985725754	94.7877460319423	1.26442435850435e-19	4.26507320928334e-19
"comp10454_c0_seq1"	15049.7329371918	1.04175913262865	0.180936209029865	93.8483544058353	2.00282700363073e-19	6.65645445324332e-19
"comp9536_c0_seq1"	824164.269713077	2.72733872158465	0.315845527245795	93.8494557202616	2.00174743625607e-19	6.65645445324332e-19
"comp7562_c0_seq3"	385518.2511856	2.28610422332071	0.266149787579698	93.5476830018647	2.32043230509435e-19	7.65573286060326e-19
"comp590_c0_seq3"	1023219.85348443	2.72457050836828	0.304825629897087	93.2547521761716	2.67820930820051e-19	8.77210585004804e-19
"comp1149_c0_seq1"	151308.84899649	1.70216395286449	0.22465713391601	93.0467536970315	2.96525090914728e-19	9.64239863981707e-19
"comp1579_c0_seq1"	154101.702062789	1.67689534881017	0.217715950297433	92.9939069847634	3.04295428100769e-19	9.82439525011055e-19
"comp1014_c0_seq1"	148022.713924367	1.76824161048039	0.231751107705354	92.4624740970489	3.94691868180105e-19	1.26525336466246e-18
"comp327_c0_seq3"	69115.5697660525	-1.34828110493728	0.242059749355307	91.0060145661878	8.04963273211386e-19	2.56227746120807e-18
"comp1196_c0_seq3"	856929.305354621	2.2490842085445	0.277267317672937	89.9458082916555	1.35212808518142e-18	4.2738594021119e-18
"comp611_c0_seq2"	86039.1581557131	-0.856576951873044	0.115492569690074	89.7022273439802	1.52320625232337e-18	4.7811751809039e-18
"comp377_c0_seq1"	70640.3480385009	-0.902450957558102	0.144506413893322	89.5944888771635	1.6056219021787e-18	5.00511103299844e-18
"comp1025_c0_seq1"	98351.8127387105	-0.833662644803123	0.135438352978579	88.7270444169756	2.4539961364748e-18	7.59730310744255e-18
"comp2448_c0_seq1"	158372.862524765	1.54715504456574	0.220024206814517	87.3304911057467	4.85729556935267e-18	1.49353578050844e-17
"comp20454_c0_seq1"	7954.52240564697	2.04634346760608	0.294847125443147	85.7326355976545	1.06053718636982e-17	3.23893789350782e-17
"comp215_c0_seq1"	133806.916137841	-1.07984611890112	0.146602820869009	85.2637761974247	1.33355291297687e-17	4.04540883668152e-17
"comp1691_c0_seq1"	111929.74819847	1.82633834084106	0.239420258141594	81.8091607263588	7.20490003683062e-17	2.17107654443163e-16
"comp7242_c0_seq2"	18837.4059323349	1.15073102361857	0.285615751702741	81.0324210212314	1.05257015819382e-16	3.15073981128217e-16
"comp590_c0_seq4"	109882.021185833	3.1577991734095	0.398748637008104	79.8495967388615	1.87442006870159e-16	5.57393336219156e-16
"comp866_c0_seq4"	53686.2493828468	1.62990326835391	0.229983702658525	78.792692461725	3.13853019036158e-16	9.27199768655838e-16
"comp736_c0_seq1"	69442.9632011707	-0.634647867748575	0.121309168292661	75.8702425456969	1.30415044116014e-15	3.8277662298986e-15
"comp1281_c0_seq1"	31011.6968057272	-2.66078912536018	0.306938027561303	75.4725531300608	1.58292811585013e-15	4.61602263460813e-15
"comp403_c0_seq1"	110214.825391427	-0.903457653738926	0.169917294717076	75.1844720105782	1.82137462798383e-15	5.27731622979932e-15
"comp215_c0_seq3"	29011.8726631323	-1.6547976336254	0.229180161295084	74.1571420064971	3.0037366833168e-15	8.6477005150267e-15
"comp3048_c0_seq1"	5883.24722477005	1.71996883057933	0.28580174473207	73.9054159018538	3.39535832729243e-15	9.71330356921633e-15
"comp45520_c0_seq1"	6069.04024963196	1.62283793073347	0.373081971696262	73.112976045176	4.99348727889522e-15	1.41953223274254e-14
"comp8683_c0_seq1"	1628613.36517441	2.2749068687544	0.28096686822244	71.6956512314161	9.95173979584431e-15	2.81136649232602e-14
"comp421_c0_seq2"	71348.2480952023	-0.866828793120375	0.138348122349377	70.9666753523301	1.41865505736356e-14	3.98280798713247e-14
"comp884_c0_seq1"	44703.4050095958	-0.980759742513453	0.167533268338523	70.6919815638265	1.62139100039654e-14	4.52388106283479e-14
"comp10454_c0_seq2"	16214.9669928928	1.03376380049113	0.17347729800714	66.2267881836365	1.41892878886182e-13	3.93469823659842e-13
"comp361_c0_seq3"	33796.856896074	-2.12600905234793	0.297489746169318	65.9009609285096	1.66201172420928e-13	4.58066645940607e-13
"comp539_c0_seq2"	56164.7127337425	-0.668381088872093	0.159268450903874	65.5981987246327	1.92502894242921e-13	5.27341261804851e-13
"comp441_c0_seq1"	111592.906675089	-0.953010688934314	0.143209146531382	65.1162413070911	2.4321227502909e-13	6.62240652488847e-13
"comp1496_c0_seq1"	54031.1342645837	-0.648647773441005	0.0944127957589827	64.9567716759482	2.62773012367266e-13	7.06984533273834e-13
"comp477_c1_seq3"	210632.609145833	1.64481088573029	0.250749594121426	64.9603809745144	2.62313366091291e-13	7.06984533273834e-13
"comp2229_c0_seq1"	3523.16863744203	1.14153469223915	0.321684103599801	64.6222459355427	3.09062892383411e-13	8.26606079037289e-13
"comp2232_c0_seq1"	41515.8181608615	-1.35129968815432	0.205596670633764	61.9762461007016	1.11434049410259e-12	2.96283472549631e-12
"comp477_c1_seq2"	751337.143410221	2.60385257464602	0.380409960350714	61.6020985781881	1.33572085523195e-12	3.53067734833242e-12
"comp660_c0_seq4"	31208.6026480019	-1.89429844509533	0.325693550512924	60.939904718253	1.84061904773933e-12	4.83697563708241e-12
"comp9722_c0_seq1"	9242.37128122551	-0.502409297513757	0.17012487606401	60.443001109588	2.34111553226077e-12	6.11667179527091e-12
"comp221_c0_seq1"	72574.5616980811	-1.00970511859104	0.192716048982147	59.9659767009539	2.94901452855061e-12	7.66065843048779e-12
"comp1074_c0_seq1"	32379.1328980789	-0.936758418180296	0.171939650609361	57.9935844450537	7.65469621215868e-12	1.97709867879756e-11
"comp221_c0_seq2"	114056.210939435	-1.32221992454658	0.231916136323528	57.0675422438574	1.19745598439428e-11	3.0752846871944e-11
"comp13998_c0_seq1"	214027.862016685	1.17828020925629	0.222777443048021	56.752194654387	1.39447782099071e-11	3.5610394072757e-11
"comp12907_c1_seq1"	10189.7046051772	0.777196415668629	0.215010395363347	55.6013551609403	2.43064670679657e-11	6.17220399703398e-11
"comp730_c0_seq1"	63862.7908878675	-1.38063627448383	0.245561731796124	55.4225218206795	2.64974795623142e-11	6.69098366601453e-11
"comp422_c0_seq1"	176753.672354152	-0.874803463494606	0.161416619881806	55.2596506232752	2.86640814573353e-11	7.19786934373085e-11
"comp381_c0_seq1"	213918.4290278	-1.03951289690294	0.151585817399916	55.1865212340156	2.96936003516974e-11	7.41519743589349e-11
"comp11079_c1_seq1"	7581.91640295072	2.39037919459959	0.385676541176197	55.1361149688237	3.04246414474163e-11	7.55600985397371e-11
"comp3432_c0_seq1"	52691.1076704577	1.2455345062467	0.214868655630103	54.3954354879304	4.34905822896691e-11	1.07419361720931e-10
"comp559_c0_seq4"	89471.9953082173	-1.01188223300162	0.183617804322162	53.9320047247173	5.438064633498e-11	1.33587239909842e-10
"comp716_c0_seq1"	83477.7411177173	-0.898548229814878	0.180857871209691	53.1515172762236	7.92176838147381e-11	1.93548070725739e-10
"comp1916_c0_seq1"	72943.5418005027	-0.575232470560582	0.176436398948259	53.1206383825445	8.04052081780532e-11	1.95393301593979e-10
"comp841_c0_seq1"	84775.4807766069	-0.973722331812057	0.182522899155833	52.6905521185	9.89177650458366e-11	2.39095346527904e-10
"comp252_c0_seq1"	215005.231275904	-0.791101962568357	0.154535867014762	51.8610734325488	1.47487766938463e-10	3.54598248171199e-10
"comp469_c0_seq2"	54002.8916122871	-0.935753806551972	0.15263581695524	51.5520855291122	1.71140680695803e-10	4.09288823674619e-10
"comp1051_c0_seq1"	74360.4754345345	-0.912621615219384	0.18169157998041	51.0212243173294	2.20953897003439e-10	5.25637691818709e-10
"comp2503_c0_seq1"	48027.1232929379	-0.646610881192289	0.158161480458108	49.9030628919879	3.78312393850504e-10	8.95273309007476e-10
"comp6132_c0_seq1"	15583.2955130844	1.56096027420465	0.291568688711014	49.369648711468	4.88870234770978e-10	1.15088201102334e-09
"comp477_c0_seq1"	63393.7898732478	-1.44326087919365	0.235601582510385	48.6881572561493	6.78230774852705e-10	1.58839538981048e-09
"comp1119_c0_seq1"	50823.4754734622	-0.315975106339426	0.13764259696452	48.6712050663327	6.83775196863975e-10	1.59312571640473e-09
"comp477_c1_seq1"	251847.896475502	2.07939190133699	0.354777336383219	48.6322901884562	6.96674541574447e-10	1.61485586047e-09
"comp866_c0_seq1"	79125.5872978363	1.20480428955698	0.219670191018041	48.1675651247152	8.70841580363708e-10	2.00826731798161e-09
"comp836_c0_seq1"	54501.0304327965	-0.7437660911665	0.157717166721008	47.5260023850304	1.18484894777672e-09	2.71853667205624e-09
"comp1644_c0_seq1"	189119.737214341	1.44967379031788	0.275770511565796	46.72444891751	1.74033066565605e-09	3.972876065033e-09
"comp309_c0_seq1"	803808.976210336	2.8517509259347	0.486456946378042	46.611822422324	1.83689051812446e-09	4.17223373965958e-09
"comp267_c0_seq1"	71821.4424906269	-0.83935253662812	0.174741314076149	43.784483492775	7.11227493488239e-09	1.60737413528342e-08
"comp477_c1_seq4"	205579.567753264	2.0003593270493	0.370520449904596	43.6961732339206	7.41901721163351e-09	1.66835610928276e-08
"comp43682_c0_seq1"	3685.08527886566	1.02077671331981	0.289832226372326	43.1519121123414	9.62337687317626e-09	2.15334967657211e-08
"comp75_c0_seq1"	208868.02593548	-0.531409263852338	0.148737089440415	43.120643886051	9.76824277849793e-09	2.1749978994488e-08
"comp14573_c0_seq1"	12163.92504942	1.24307512904458	0.21870859317461	42.8856760765075	1.09287763615995e-08	2.42147397815832e-08
"comp180_c0_seq1"	91055.8240183267	-0.907557294308122	0.193053650033138	42.3713330449841	1.39718660891501e-08	3.08062608404675e-08
"comp9429_c0_seq1"	13211.4416093444	1.26389901007896	0.272504293779905	42.2828064586637	1.45750609305559e-08	3.19802307796664e-08
"comp2140_c0_seq1"	29528.3224400868	-0.122409225142654	0.158194591950414	42.1962488300883	1.51899520318667e-08	3.3168397673448e-08
"comp539_c0_seq1"	50583.4701274144	-1.31049927186801	0.258193586479693	41.9738875801585	1.68908298117093e-08	3.67050724754452e-08
"comp10481_c0_seq3"	11706.7702798735	1.10167324117226	0.234523929813038	41.9363163992231	1.71964279977168e-08	3.71903610285549e-08
"comp212_c0_seq1"	136311.671724756	-0.529803649901987	0.109014471563749	41.8671026633259	1.77739160840699e-08	3.82562384285694e-08
"comp225_c0_seq1"	250273.770919759	-0.865826946449022	0.193321763468722	41.4677230489694	2.15047920362365e-08	4.60671374425541e-08
"comp20986_c0_seq2"	4091.55222732176	1.49832890719687	0.354270040397378	41.4114510314213	2.20898095452256e-08	4.70971411058584e-08
"comp27608_c0_seq1"	7077.68480024635	1.65957745006733	0.306485122998005	41.1913021326569	2.45351485837439e-08	5.20651979335786e-08
"comp3391_c0_seq1"	133242.897335132	1.99544264196484	0.377937628413454	41.0142784109237	2.66959419661271e-08	5.63858213490161e-08
"comp1268_c0_seq2"	22373.5948293378	-1.6358439725236	0.306131910828479	40.272452805001	3.80167896054161e-08	7.9923669309991e-08
"comp1534_c0_seq1"	18351.8161105497	-0.9206314879947	0.240477352688521	38.9434381774116	7.15639263638704e-08	1.49754142205877e-07
"comp135_c0_seq1"	61604.5728632379	-0.864107309736208	0.193072341522338	38.2518706007333	9.94186610890886e-08	2.0708403139294e-07
"comp5341_c0_seq1"	15946.2864354209	-0.496241874102089	0.137163894665711	38.2351048301197	1.00213820709063e-07	2.07782784222462e-07
"comp1534_c0_seq2"	29003.6905930718	-0.535485461651623	0.12681652569895	38.1532508274992	1.04187967417637e-07	2.15036352843707e-07
"comp1537_c0_seq1"	25352.8967536005	0.611568435674279	0.1914066891639	37.5047372708587	1.41764980077162e-07	2.91262595431261e-07
"comp1129_c1_seq2"	75080.9823678135	0.186449741059172	0.0931184137467843	37.1869822610868	1.64839476772301e-07	3.37137753398552e-07
"comp3435_c0_seq2"	15311.080826785	-0.411407055269894	0.129977951279489	37.0966035885582	1.72061584230777e-07	3.50323585911311e-07
"comp180_c0_seq2"	59475.2560252608	-0.746908740655712	0.179549510268546	36.428644347746	2.36181271693388e-07	4.78717196436822e-07
"comp272_c0_seq1"	122112.531529206	-0.66992794039853	0.213892306114795	35.4449754027687	3.76343950724072e-07	7.59408329139645e-07
"comp50_c0_seq2"	144005.95484337	-0.65288353388566	0.1465604938176	35.1504596138211	4.32622270338115e-07	8.69090071968124e-07
"comp126_c0_seq3"	31478.356861981	-0.359982046356211	0.218135870962483	35.0752586892254	4.48289476760343e-07	8.96578953520686e-07
"comp8709_c0_seq1"	18640.3648712722	0.854128978443792	0.195120196880731	34.4547923482476	6.01120497467571e-07	1.19694477909842e-06
"comp194_c0_seq2"	111087.288925351	-0.363702650083019	0.100127909168152	34.3978994996382	6.17500558830932e-07	1.22416777452448e-06
"comp10312_c0_seq1"	13888.6160084336	0.595490531377856	0.139391592286751	34.3291307580855	6.37894683609334e-07	1.25907596939484e-06
"comp3047_c0_seq1"	9764.06230409093	-1.62869354508629	0.360706385265113	33.8769875493948	7.89753567013251e-07	1.55203744473908e-06
"comp1659_c0_seq1"	48842.4568275132	-0.434309605563746	0.123661265397198	33.6108678789629	8.95458238591166e-07	1.75215205126929e-06
"comp6508_c0_seq1"	11167.2763015326	0.904962365621204	0.269891931646117	32.8256372508957	1.29679854586959e-06	2.52652130488385e-06
"comp33374_c0_seq1"	12735.6408678786	0.941998060144575	0.312103492669922	32.7782823408932	1.32606422835096e-06	2.57245077774521e-06
"comp5916_c0_seq1"	15688.4145904087	-1.04347732271453	0.206090482851698	32.4450323436017	1.55148415730252e-06	2.99688392778093e-06
"comp13899_c0_seq1"	5743.30603302169	-1.10970805617155	0.264833007375885	32.4012632591661	1.58379685043052e-06	3.04628160167914e-06
"comp9585_c0_seq1"	6716.51727767439	1.07778465767267	0.313456877258635	31.5184506999085	2.39943689280369e-06	4.59553167604774e-06
"comp4311_c1_seq1"	15851.1930608663	-0.992127404369542	0.204510010883507	31.379354720414	2.56157833064667e-06	4.88537301878605e-06
"comp5145_c0_seq1"	17727.7446497836	0.696526671045641	0.188752039816699	31.2746674142209	2.6907663444673e-06	5.11019490629923e-06
"comp2196_c0_seq1"	938642.311306364	2.14428862147164	0.416128279412051	31.0265866196049	3.02340282358345e-06	5.71789990066828e-06
"comp184_c0_seq1"	145410.46314891	-0.566303933963822	0.139895322410871	30.8390437090998	3.30177329846625e-06	6.21833971211145e-06
"comp4254_c0_seq1"	11804.0444366362	-1.43460722817951	0.334519212905255	30.8060352190937	3.35334470417124e-06	6.28926060699336e-06
"comp421_c0_seq1"	7206.89315102144	-0.604502605491343	0.305635707468434	30.7776517448711	3.39833103448039e-06	6.34729598175676e-06
"comp72_c0_seq2"	81136.7405363586	-0.289564259263154	0.164187269179996	30.382589799331	4.09059077847855e-06	7.60883552210825e-06
"comp9287_c0_seq2"	4198.24776325679	2.08970822849889	0.772533908772281	30.2949383424099	4.26228208045477e-06	7.89570287035064e-06
"comp377_c0_seq2"	125837.728475767	-0.623209261826016	0.153784294888935	28.4396291599422	1.01583309054611e-05	1.87410839561977e-05
"comp310_c0_seq3"	73282.4798685347	-0.405093586568554	0.180351787440605	28.2042705393383	1.13385840898924e-05	2.07708019794028e-05
"comp3220_c0_seq1"	16072.0309995247	-1.53967708835606	0.421022348348929	28.202036664825	1.13504161259126e-05	2.07708019794028e-05
"comp2610_c0_seq1"	19516.4357136133	0.362242124934968	0.208958626136157	27.6104982747913	1.49579541707597e-05	2.72620777628362e-05
"comp4048_c0_seq1"	75380.4846182598	-0.938363043586241	0.214795868250919	27.298609063192	1.72981383944855e-05	3.1400636764287e-05
"comp38530_c0_seq1"	6117.09629859387	1.9739158827948	0.511105534627279	26.9302639169193	2.05347723314852e-05	3.71268683753253e-05
"comp1143_c0_seq1"	56692.4246710244	-0.553474723986453	0.200172959539108	26.6685124598952	2.31942995888746e-05	4.17682207735909e-05
"comp9458_c0_seq1"	8089.68399308312	1.52325225609374	0.421225649154288	26.5081550252376	2.49900076849036e-05	4.48233471173667e-05
"comp4805_c0_seq1"	33329.8208308407	0.403719822942109	0.140459413364904	26.4763004830078	2.53628451881016e-05	4.53122767787427e-05
"comp9925_c0_seq1"	9109.01050535544	0.492977417618279	0.177319948088976	25.8307839197042	3.42304007776068e-05	6.0913941541253e-05
"comp412_c0_seq2"	82240.7070441147	-1.26672944956298	0.303592127573252	25.6172772438388	3.77946031814675e-05	6.69927868157778e-05
"comp3715_c0_seq1"	17555.2031656205	-0.00779152673611789	0.162997666597919	24.7045823401165	5.76798205160003e-05	0.000101840933098563
"comp591_c0_seq4"	24590.9210645692	-1.99187246430845	0.523966107321215	24.4784594253966	6.40372672892893e-05	0.000112625855310345
"comp239_c0_seq1"	120801.605111725	-0.204336839127618	0.185472682713008	24.3087887165363	6.92603141124114e-05	0.000121339775111666
"comp15911_c0_seq5"	6581.50406117776	2.18206771360825	0.461854971973559	23.1609281438672	0.000117588545238212	0.000205212441882902
"comp1415_c0_seq1"	17321.1426156552	-0.802214327070195	0.284761867637119	22.2882207096351	0.000175606291816155	0.000305284784234239
"comp2081_c0_seq1"	21474.8749882683	0.408389346962157	0.127538551474093	22.1016056078511	0.00019129926503492	0.000331292213776949
"comp3541_c0_seq1"	13974.2208198992	-1.62958914443737	0.548580928156239	21.1157128700671	0.000300371349092856	0.000518197899961721
"comp4274_c0_seq2"	18139.8170803735	0.0710582536307228	0.206766497996096	19.8059098446833	0.000545438185608672	0.000937407071844562
"comp783_c0_seq3"	85081.2660261786	-0.704921349518838	0.324875802334197	19.5519606825977	0.000612071944189087	0.00104794135899041
"comp15254_c0_seq2"	3771.87951515675	0.495485551964607	0.420084963348996	19.3524454709564	0.000670019567382141	0.00113559675401412
"comp4078_c0_seq1"	21358.2799556861	-0.566458445455116	0.168269337329491	19.3498567228137	0.000670806047172059	0.00113559675401412
"comp4266_c0_seq1"	67707.3890397979	0.713347081371784	0.167810012519524	19.3595764183248	0.000667857850029433	0.00113559675401412
"comp1496_c0_seq2"	16362.3944551019	-1.00504027277012	0.258776829743906	19.0304149788057	0.00077520352689732	0.00130743281402085
"comp159_c0_seq1"	86523.0060195424	-0.0842139861749223	0.264374515318121	18.7433530645508	0.000882635842596313	0.00148309070949269
"comp2033_c0_seq2"	42924.8873607307	0.355749275402983	0.216273547002073	18.7234808173969	0.000890595522268534	0.00149092287431621
"comp144_c0_seq1"	115955.32667527	-0.730047811283286	0.202212848085214	18.523978954474	0.000974542185934798	0.00162543567543369
"comp4283_c0_seq1"	20529.1810078155	-0.0285909612934145	0.116241533802299	18.4308119317798	0.00101637897114687	0.00168898270205288
"comp12609_c0_seq1"	6247.95063322338	0.625092855625416	0.289688558647582	17.9156684268997	0.00128181964366716	0.00212228014262842
"comp15254_c0_seq7"	1266.17344605971	26.5634683471081	2.9850551936439	17.3470043023531	0.00165473940682645	0.00272971610177209
"comp1231_c0_seq1"	54478.2576033456	-0.984919137451355	0.279546490917813	17.3256002831267	0.00167069317200435	0.00274601204998533
"comp10732_c0_seq4"	807.238856259392	-10.3955034331288	2.39965375781586	16.8239615877625	0.00209124151382074	0.0034247868269818
"comp17483_c0_seq2"	2971.33537123163	-26.7230969657954	2.36689622515326	16.7752086024537	0.00213729520226745	0.00348757195460248
"comp3498_c0_seq1"	42965.8602907634	-0.422705548318837	0.190670325036444	16.6260582389856	0.00228448487154351	0.0037143423091283
"comp3069_c0_seq2"	13718.8020557324	0.0230844710304498	0.193855645937817	16.6014320266872	0.00230973004372493	0.00374192824288053
"comp46834_c0_seq1"	4935.73929607895	0.671082741900165	0.294648187937704	16.551043824437	0.00236224454286043	0.00381333761918897
"comp7267_c1_seq1"	12905.2967280015	-0.887420594028368	0.256514471628692	16.4269526445706	0.0024966408955365	0.00401594905616547
"comp611_c0_seq1"	11157.8787137478	-0.631808196752096	0.291935304373593	16.3427286403603	0.00259212243948549	0.0041547494420122
"comp14849_c0_seq2"	8675.79507526572	0.323481674457358	0.365785851873762	15.8930011335653	0.00316615263160924	0.00505689395578578
"comp17813_c0_seq5"	1713.46874483198	-13.105159703176	2.41085540767448	15.6181651290485	0.00357675517350032	0.00569258217754276
"comp9495_c0_seq1"	11679.3421526966	-1.0876547072253	0.308214193213965	15.4899894331479	0.00378574261347367	0.00600405495189509
"comp2229_c0_seq5"	14639.3677175261	0.28281937610586	0.23570856214537	15.2652417724395	0.00418155232228035	0.00660860716668083
"comp11435_c0_seq1"	16592.1877540205	0.285119264621573	0.167926651359694	15.0979584039314	0.00450229812677253	0.00709072736341876
"comp13339_c0_seq1"	8815.69228138494	0.760642188473328	0.277181478768559	14.9688268834884	0.00476631087731342	0.00748046012689468
"comp9458_c0_seq2"	15065.1039665107	0.758640641164629	0.345801787538819	14.7601666955481	0.00522539185749073	0.00817258518887823
"comp1129_c1_seq1"	3653.33895075287	-1.38813025932374	0.491614222421387	14.7181764713108	0.00532289006822011	0.0082963665890879
"comp20357_c0_seq1"	820472.862215237	1.59702006320135	0.437179822643057	14.2113529293044	0.00665017671945776	0.0103294841140718
"comp9523_c0_seq3"	9556.99452032282	4.39871812217253	1.35109043185	14.0939933163434	0.00700103192946745	0.0108372138086277
"comp21617_c0_seq1"	603.168021089569	-13.5482336289597	4.00013529475468	13.8685736602472	0.00772654592355666	0.0119194496841215
"comp8758_c0_seq1"	5792.97936860674	-0.608750696167965	0.310848330891798	13.8583891424663	0.00776100759845443	0.011931889232998
"comp5591_c0_seq7"	775.792429634026	-10.4322295054871	2.60784117635152	13.4149152256444	0.00941671260624097	0.0144283189763421
"comp25678_c0_seq1"	8374.66844566797	1.38007815637154	0.442288053353423	13.3966376263007	0.00949189650287788	0.014491915672391
"comp50584_c0_seq1"	4312.87946867812	1.37094900264394	0.508709602172812	13.3892762035606	0.00952234282013305	0.014491915672391
"comp25551_c0_seq1"	572.18026455572	-13.3624364420762	4.09680571015425	12.9610441226308	0.0114677162105347	0.0173939856616164
"comp783_c0_seq2"	18186.8919695984	0.455423791145922	0.362379111900347	12.623851400376	0.0132677496412617	0.0200569325680612
"comp10284_c0_seq1"	5792.88157350909	0.685556517643264	0.36262580972522	12.4202529580411	0.0144850240748111	0.0218241029393821
"comp10145_c0_seq1"	5944.04868288374	1.38907981506881	0.480581069217635	12.3709846743826	0.014795557723477	0.0222179139236267
"comp25719_c0_seq1"	300.458688044493	-12.7788424751416	4.71165858689588	12.1594372254562	0.0162042058547271	0.0242526524713135
"comp50_c0_seq1"	89823.1944871054	0.163363440062021	0.186194028170724	12.1505634873404	0.0162660611721599	0.0242648833327269
"comp37424_c0_seq1"	293.105681236379	-12.7430983326428	4.71165941098507	12.11979939313	0.0164822892648481	0.0245065616701031
"comp3909_c0_seq1"	27996.6516559977	0.584687028749574	0.239707526000376	11.989813670594	0.0174271743628641	0.0258265010229986
"comp2229_c0_seq6"	4467.37248615334	1.80849147028442	0.551202935328238	11.9778772313873	0.0175165362748653	0.0258740993341148
"comp512_c0_seq1"	330675.27477365	-0.20318570711116	0.120206179587532	11.9578472481375	0.0176674921843818	0.0260120731835198
"comp11350_c0_seq1"	11082.8297069349	0.390326451228747	0.346213252484238	11.9462714391897	0.0177553090218788	0.0260564924606793
"comp17172_c0_seq1"	547.838797602116	-27.3945549615951	4.71164376063798	11.8154718377287	0.018777536555843	0.0273788597523905
"comp25717_c0_seq1"	243.381041977921	-12.4749108976053	4.71166629066529	11.822415570373	0.0187218614833131	0.0273788597523905
"comp26972_c0_seq1"	229.864388761569	-12.3924829213718	4.71166867524282	11.7310180571348	0.0194676951974713	0.0282938849815339
"comp3441_c0_seq2"	18577.7701211151	0.934777785727799	0.457435499991393	11.7108034208022	0.0196365078870389	0.0284477614260949
"comp783_c0_seq1"	66997.7028131685	-0.379143634442089	0.321334614481273	11.6797039258346	0.0198989985156384	0.0287359339586855
"comp27384_c0_seq1"	202.772912113485	-12.2115756603442	4.7116744118384	11.5304255447776	0.0212071039952842	0.0304305111297412
"comp4078_c0_seq2"	11726.4326898106	0.297683256149344	0.262484332113955	11.5328780284746	0.021184954118929	0.0304305111297412
"comp3946_c0_seq1"	11949.5605690331	-0.801175792933905	0.262674022340037	11.4197434718774	0.0222304590655516	0.0317979984102194
"comp3798_c0_seq1"	14761.6444983187	-0.984825576679779	0.322262947832817	11.3957563841363	0.0224584711120973	0.0320228042355457
"comp22610_c0_seq1"	173.494876752416	-11.9866177833878	4.7116826256302	11.2809997723785	0.0235810314684207	0.0335176925274408
"comp4274_c0_seq1"	5405.88941904295	0.867992109474185	0.349289791287799	11.1375309415669	0.0250610718286146	0.035509731870012
"comp2033_c0_seq1"	29756.7696592938	0.469317750712458	0.193906658021189	11.0992664025375	0.0254707599595956	0.0359774484429288
"comp19835_c0_seq1"	142.899559460216	-11.7067464945693	4.71169480503419	10.9707117793822	0.0268951529988886	0.0378710565591827
"comp8614_c0_seq1"	11562.9916548903	-0.580145553582814	0.264491410787395	10.9065237174117	0.0276348909109503	0.0387918344464271
"comp27385_c0_seq1"	3102.79334170166	0.294676260334161	0.737349113787613	10.8786494369471	0.0279622178858254	0.0391297909733532
"comp23314_c0_seq1"	128.997578207651	-11.5590994495568	4.7117022480499	10.8070272092245	0.0288205454017294	0.040206439881425
"comp35931_c0_seq1"	113.384478749117	-11.3729855745679	4.7117127834323	10.6006945257342	0.031437855912978	0.0437228026851263
"comp468_c0_seq1"	131458.206661478	-0.479537583289393	0.198543500543639	10.5030485112777	0.0327550234550738	0.045414940495992
"comp36139_c0_seq1"	238.424616217811	-26.2869448132571	4.71166715235485	10.484594996062	0.0330098527258686	0.0456282979574697
"comp15460_c0_seq1"	103.194653569421	-11.2371421066813	4.71172137809254	10.4501153444929	0.0334911194840955	0.0461523963622291
