 "baseMean"	"log2FoldChange"	"lfcSE"	"stat"	"pvalue"	"padj"
"comp8159_c0_seq1"	55405,4099974111	3,69131006446964	0,15751039245272	23,4353429446102	1,86506816827305e-121	8,43010812059421e-119
"comp591_c0_seq1"	72933,7286627331	-4,05085007553488	0,184106693459765	-22,0027311305777	2,71150373393933e-107	6,1279984387029e-105
"comp176_c0_seq1"	166155,052514539	-1,62538177194131	0,0842518923605117	-19,2919319246426	6,27828360380237e-83	9,4592806297289e-81
"comp3293_c0_seq1"	137150,820150559	4,05115840657046	0,217941234767996	18,5883062050328	3,99598792592852e-77	4,51546635629922e-75
"comp469_c0_seq1"	50098,4407921875	-1,6512193607376	0,0915901856053119	-18,0283438648457	1,16736083146005e-72	1,05529419163989e-70
"comp75_c0_seq2"	233833,672294997	-1,78317840867141	0,0997923799009754	-17,8688834802905	2,06077733232971e-71	1,55245225702172e-69
"comp886_c0_seq1"	54056,7209691651	-1,87446693057846	0,106689910116544	-17,5692989949177	4,23371434498372e-69	2,73376983418948e-67
"comp2745_c0_seq1"	128716,860298977	3,46501630256686	0,203388364225929	17,0364529738675	4,40659884384969e-65	2,48972834677507e-63
"comp2725_c0_seq1"	265885,451454352	2,24413537362843	0,131830704197104	17,0228581216797	5,55896364713514e-65	2,79183507611676e-63
"comp7242_c0_seq1"	60122,9271522335	3,46939617412649	0,205796398388239	16,8583911151905	9,10334952114148e-64	4,11471398355595e-62
"comp449_c0_seq1"	40647307,0122664	5,44854058804928	0,323457720033647	16,8446762917963	1,14795416279444e-63	4,7170480143917e-62
"comp866_c0_seq9"	660514,628972364	4,74372055453987	0,288270465325007	16,4557980270078	7,62107718354304e-61	2,87060573913455e-59
"comp3087_c0_seq1"	249506,419640541	3,70349072443376	0,228885053835711	16,1805703883664	6,91508443814879e-59	2,40432166618712e-57
"comp310_c0_seq2"	180052,566537108	-1,95826731938163	0,122498639655489	-15,9860331909725	1,59893762430894e-57	5,16228432991172e-56
"comp266_c0_seq1"	96981,5257841657	-1,66780276099692	0,106005496528083	-15,7331724827597	8,96066487844564e-56	2,70014701670495e-54
"comp42_c0_seq1"	22352777,7284311	4,9013459270344	0,322158169584703	15,214097886615	2,85122634949706e-52	8,0547144373292e-51
"comp1245_c0_seq1"	4463364,39324484	4,00838053493892	0,274026016652701	14,6277371174545	1,86900619392379e-48	4,96935764502091e-47
"comp1839_c0_seq1"	207210,081269572	3,21968371708584	0,221086535651096	14,5630022543161	4,82895801989078e-48	1,21260501388368e-46
"comp9287_c0_seq1"	48972,9308661843	3,2828944867267	0,229853668337977	14,2825411944243	2,81158966571859e-46	6,68862383634106e-45
"comp9661_c0_seq1"	37213,7419401895	2,56756172024665	0,179989927689277	14,2650300114522	3,61436420029777e-46	8,16846309267296e-45
"comp361_c0_seq4"	64226,6373223321	-2,3268725378851	0,163719017526817	-14,2125977362646	7,65329490178605e-46	1,64728061695585e-44
"comp7268_c0_seq3"	15349,9768874268	2,93686020066313	0,209420233585222	14,0237652799102	1,11536457486944e-44	2,29156721745903e-43
"comp866_c0_seq5"	732265,565442381	3,97705559708218	0,283903892147652	14,0084574642386	1,3837797250852e-44	2,71942798147178e-43
"comp259_c0_seq1"	159257,266605524	-1,57454689735428	0,115376506674346	-13,6470321622624	2,10269093782159e-42	3,96006793289734e-41
"comp114_c0_seq1"	95086,3695627274	-1,61796828372987	0,120607924751241	-13,4151075650045	4,93216968477879e-41	8,91736279008004e-40
"comp233_c0_seq1"	65086,9199306536	-1,40659287952542	0,105581846478327	-13,3222985431889	1,71737478493008e-40	2,9855900107246e-39
"comp11567_c0_seq1"	13345,8794310876	3,14695406215955	0,23783426993109	13,2317098922344	5,75627424760295e-40	9,63642948117234e-39
"comp1196_c0_seq1"	4435274,42131311	2,51927699323924	0,190929944058784	13,1947715464872	9,40395269689689e-40	1,51806664964193e-38
"comp18782_c0_seq2"	25210,2607523015	3,75221159979428	0,286895435168084	13,0786730628738	4,35984597743088e-39	6,79534614413364e-38
"comp13881_c0_seq1"	2094386,91974818	3,49473927728702	0,270610022597166	12,9143009698844	3,73823467000442e-38	5,63227356947332e-37
"comp3203_c0_seq1"	112298,207707905	3,12025767019252	0,249199285877061	12,5211340763306	5,72117960122845e-36	8,34184896695245e-35
"comp1091_c0_seq1"	62206,6156565918	-1,40302594245343	0,112559783552344	-12,4647178430383	1,16282629686532e-35	1,64249214432227e-34
"comp9523_c0_seq1"	31996,3030855999	3,74169536713107	0,300537920450816	12,449994202124	1,39855323858654e-35	1,91559413285187e-34
"comp2751_c0_seq1"	220313,610995118	2,25180433713833	0,182277016149981	12,3537480736765	4,64937708878894e-35	6,18093660039001e-34
"comp162_c0_seq1"	211116,626013482	-1,28422512070275	0,106412007474542	-12,06842302087	1,55077585702151e-33	2,00271624963921e-32
"comp22239_c0_seq1"	43521,6811306464	4,29308689451422	0,359589728604876	11,9388473946973	7,42448866617325e-33	9,32185799197308e-32
"comp11696_c0_seq1"	8050,90213622625	2,56292902920233	0,217065073065862	11,8071921613326	3,58328725917881e-32	4,37742119229411e-31
"comp866_c0_seq6"	646469,03049678	3,22261813192789	0,273830821368945	11,7686464796667	5,66257350420912e-32	6,73548216816453e-31
"comp1897_c0_seq2"	1517223,68009529	3,25228723928157	0,279700289767193	11,6277578474752	2,97817566343587e-31	3,45162923044363e-30
"comp357_c0_seq1"	126688,355506148	-1,40530954254833	0,122467627225331	-11,4749470891819	1,76285475589098e-30	1,99202587415681e-29
"comp1210_c0_seq1"	145331,160162344	2,27368016949399	0,198632639216638	11,4466594133818	2,44382879352177e-30	2,69417223090693e-29
"comp1795_c0_seq1"	159872,584070597	2,23116777305039	0,196059080686397	11,3800787254492	5,25522714298441e-30	5,65562540149751e-29
"comp17483_c0_seq2"	2971,33537123163	-26,7230969657954	2,36689622515326	-11,2903542968239	1,46445164574491e-29	1,53937707878302e-28
"comp72_c0_seq1"	93516,0680978204	-1,55279297765283	0,137892425702637	-11,2609011679974	2,04655098572014e-29	2,10236601260341e-28
"comp149_c0_seq1"	92933,8865171014	-1,33162472795644	0,118744605317093	-11,2141913681089	3,47346512586093e-29	3,48890274864254e-28
"comp7513_c0_seq3"	9799,55496896248	-2,85126980442993	0,255672528420475	-11,1520382031064	6,99846562775042e-29	6,87675318205041e-28
"comp821_c0_seq1"	167265,534098143	-1,51854542123658	0,137892947298727	-11,0124952072194	3,32660770027996e-28	3,19920570324796e-27
"comp72_c0_seq3"	101430,654165988	-1,72828819603343	0,157058656151357	-11,0040938741248	3,65168425959157e-28	3,43866934444873e-27
"comp866_c0_seq7"	40718,4651825954	3,02151824193652	0,275956358022149	10,9492611933007	6,69917827426197e-28	6,17965016319676e-27
"comp453_c0_seq1"	67541,2347483951	-1,64392089066331	0,150408600096256	-10,9297000943514	8,31226844946878e-28	7,51429067831978e-27
"comp17483_c0_seq1"	18022,0837921001	2,34355580476387	0,215122265206626	10,8940643708492	1,23024503598994e-27	1,09033481621069e-26
"comp124_c1_seq1"	1285655,14661269	3,23714787643094	0,298834234240154	10,8325871186146	2,41241391666197e-27	2,0969444044831e-26
"comp1897_c0_seq1"	3210816,14093091	2,87479303241206	0,271932642261455	10,5717099959189	4,03077054515467e-26	3,437562804547e-25
"comp2784_c0_seq1"	213113,303920595	2,08091511136076	0,200422862464508	10,3826234481072	2,97485979591805e-25	2,49006782917585e-24
"comp2678_c0_seq2"	174368,74406304	2,73067149475401	0,263743969441343	10,3534935814383	4,03488038380445e-25	3,31593806087202e-24
"comp22419_c0_seq1"	344265,415261571	2,87639459773872	0,279963745843945	10,2741681394064	9,21358303380121e-25	7,43667773442526e-24
"comp4965_c0_seq1"	69037,0432815385	2,06028106224909	0,201237144468837	10,2380754193624	1,33872846565409e-24	1,06158818679938e-23
"comp866_c0_seq3"	59656,2302363137	2,39979892937119	0,235151580389162	10,2053276673696	1,87686564007375e-24	1,46266080916093e-23
"comp439_c0_seq1"	97329,3380827289	-1,64296229913754	0,161452931673773	-10,176106944018	2,53501094758557e-24	1,94207618357403e-23
"comp1454_c0_seq1"	71979,8027094981	-1,81449220812015	0,17847755773813	-10,1665006576482	2,79780009782671e-24	2,10767607369612e-23
"comp1753_c0_seq1"	19763,0135612527	-2,34397061427192	0,232340777458354	-10,0885029305373	6,21094973162837e-24	4,60221193228856e-23
"comp1268_c0_seq1"	28574,7282949832	-1,13903560481554	0,113962161457681	-9,99485785673265	1,60517360388026e-23	1,17022333702238e-22
"comp1200_c0_seq1"	257105,00304198	2,56340941046156	0,257322240476408	9,96186495856576	2,23824061334621e-23	1,60584882100395e-22
"comp680_c0_seq1"	139301,990795937	1,57326064233781	0,158087208135854	9,95185291010904	2,4753081211059e-23	1,74818636053104e-22
"comp223_c0_seq1"	210444,048638501	-1,12361946092625	0,113185651934877	-9,92722524205401	3,16952744092134e-23	2,20404062045607e-22
"comp274_c0_seq1"	66574,5870879273	-2,09901787845189	0,213240557436578	-9,84342708387536	7,31748337284605e-23	5,0113674007976e-22
"comp2284_c0_seq1"	130640,071515348	2,07681887426509	0,21113145424617	9,83661521055791	7,83009070918222e-23	5,28238955306025e-22
"comp463_c0_seq1"	65341,3646248206	-1,04315305355739	0,10641248874691	-9,80291943024106	1,09377762123209e-22	7,27040418818977e-22
"comp2459_c0_seq1"	143536,500308618	2,57933406382087	0,263282980762767	9,7968127538977	1,16194208042251e-22	7,61156261378223e-22
"comp7562_c0_seq1"	363387,213700471	2,61180107271451	0,267859891057046	9,75062396392252	1,83337903311234e-22	1,18383903280968e-21
"comp7562_c0_seq2"	705548,530633798	2,10978220191074	0,217198770243984	9,71360104636311	2,63847142523181e-22	1,65637372806219e-21
"comp824_c0_seq1"	51637,1224624319	-1,58304899950048	0,162952954365808	-9,71476096068032	2,60860378044169e-22	1,65637372806219e-21
"comp19941_c0_seq1"	8831,18309679336	3,08533261248122	0,321368013464763	9,60062135374752	7,94639227880398e-22	4,92023193153343e-21
"comp5446_c0_seq1"	20153,9364091309	1,54999740205328	0,161954004127348	9,570602532522	1,06284431627298e-21	6,40540841273852e-21
"comp6132_c0_seq2"	128339,711131498	2,3098326756564	0,241326697434404	9,57139305436458	1,05474777807776e-21	6,40540841273852e-21
"comp509_c0_seq1"	120105,622919417	-1,04354691622945	0,109611405935562	-9,52042269070903	1,72476073479534e-21	1,02577875279933e-20
"comp271_c0_seq1"	107038,130304119	-0,963031766308524	0,101347572670213	-9,50226770050275	2,05368440036822e-21	1,20553941424212e-20
"comp1277_c0_seq1"	227966,408538792	2,10547541349789	0,221991729745416	9,48447681322401	2,43601996319271e-21	1,411642337645e-20
"comp1509_c1_seq1"	236526,75903162	2,15137679320085	0,227236891556635	9,46755070650426	2,86482147734529e-21	1,63911304779756e-20
"comp2205_c0_seq1"	130353,364986871	1,69507810122704	0,179863445546136	9,42425013643054	4,33189698760471e-21	2,44752179799666e-20
"comp14849_c0_seq1"	25571,5536894523	1,88863380912579	0,200432081943033	9,42281191123175	4,39166344208827e-21	2,45065663681963e-20
"comp7268_c0_seq2"	20824,5830543912	2,38624485519621	0,254026251603351	9,39369391995837	5,79320780202984e-21	3,19332917867986e-20
"comp404_c0_seq1"	68288,3396748972	-1,68035295532638	0,179671355805228	-9,35236976309102	8,57055552416024e-21	4,66733867098847e-20
"comp973_c0_seq1"	250802,430814042	2,15490793285167	0,230486929232637	9,34937152412953	8,8170062758485e-21	4,74438909128991e-20
"comp434_c0_seq1"	91950,8477516004	-1,02634807279151	0,111002181012042	-9,24619735787136	2,3262142764656e-20	1,23699865054406e-19
"comp116_c0_seq1"	205472,30751442	1,91544199321835	0,208460678787671	9,18850501858594	3,983387116849e-20	2,09359415908808e-19
"comp5591_c0_seq1"	20359,9242050974	2,19310097155741	0,240348140793075	9,12468456931204	7,19454619836734e-20	3,73785618581844e-19
"comp866_c0_seq2"	755983,123764597	2,67708854449771	0,294168403656154	9,1005305506124	8,98916239168536e-20	4,61716068300202e-19
"comp796_c0_seq1"	32222,1899925094	-3,16552359885566	0,348334696481931	-9,08759199363841	1,01256717589654e-19	5,14247599444086e-19
"comp590_c0_seq1"	3039044,11476343	2,61646787049848	0,28857814999885	9,06675668448533	1,22612322620889e-19	6,15786331384909e-19
"comp18782_c0_seq1"	6428,94152819594	4,84667954206528	0,536662235264581	9,03115446473667	1,69870118122313e-19	8,43750476827315e-19
"comp383_c0_seq1"	70324,0444031863	-1,32710360886804	0,146979530145901	-9,02917302532318	1,72973984097388e-19	8,49828704478473e-19
"comp393_c0_seq1"	29866,0043620342	-1,69362070450721	0,188069553691853	-9,00528911384651	2,15098309706356e-19	1,0454240428739e-18
"comp358_c0_seq1"	95264,6518289307	-1,09268575956908	0,121744820274173	-8,9752135418026	2,8280267876475e-19	1,35985968937944e-18
"comp1229_c0_seq1"	169612,362833995	1,89962997567307	0,211854465265819	8,96667423690858	3,05602307797058e-19	1,45402361183442e-18
"comp1292_c0_seq1"	126356,101697521	1,76884868733655	0,197565995264028	8,95320414311512	3,45310456558415e-19	1,62583673296254e-18
"comp590_c0_seq3"	1023219,85348443	2,72457050836828	0,304825629897087	8,93812803499538	3,95818315927685e-19	1,84443174019911e-18
"comp10521_c0_seq1"	14925,2650449214	1,62889848035812	0,182974424037634	8,90232877586811	5,468699842863e-19	2,52229829487151e-18
"comp15254_c0_seq7"	1266,17344605971	26,5634683471081	2,9850551936439	8,89881982874888	5,64436332196408e-19	2,5519156335799e-18
"comp213_c0_seq1"	79089,837053137	-1,18602228830005	0,133279036745695	-8,89879096712755	5,64583104774314e-19	2,5519156335799e-18
"comp590_c0_seq2"	515257,437878372	3,03131571891339	0,345461126987248	8,77469411782845	1,71369027765919e-18	7,66918817328668e-18
"comp1281_c0_seq1"	31011,6968057272	-2,66078912536018	0,306938027561303	-8,66881548207237	4,36638886588688e-18	1,9349095758636e-17
"comp27180_c0_seq1"	1344,89594309971	-13,429136627296	1,54988145850406	-8,66462177065967	4,53014443375607e-18	1,98798571267742e-17
"comp2385_c0_seq1"	75809,0325350968	2,21568098960231	0,255884373620167	8,65891479911649	4,76276632988284e-18	2,06997152029523e-17
"comp9536_c0_seq1"	824164,269713077	2,72733872158465	0,315845527245795	8,63503987334353	5,87065566914234e-18	2,52717748804985e-17
"comp194_c0_seq1"	25623,6640213017	-2,22501486652314	0,257710005962274	-8,63379308154942	5,93503192193394e-18	2,53078719690013e-17
"comp7562_c0_seq3"	385518,2511856	2,28610422332071	0,266149787579698	8,58953991325708	8,73182695082332e-18	3,6885848427777e-17
"comp310_c0_seq1"	139221,713060538	-1,78109094019011	0,208080613596338	-8,5596198002631	1,13240340934879e-17	4,73931797245976e-17
"comp2605_c0_seq1"	113752,169315063	1,63509246441831	0,195646629822946	8,35737608103964	6,41286108280002e-17	2,65927817378496e-16
"comp20767_c0_seq1"	9149,65804145305	2,96946860563856	0,357938634243118	8,29602708832388	1,07650997725283e-16	4,42347736107525e-16
"comp348_c0_seq1"	114617,094998348	-1,17068380690098	0,143894023108294	-8,1357361592422	4,09442645277098e-16	1,66727996094818e-15
"comp1196_c0_seq3"	856929,305354621	2,2490842085445	0,277267317672937	8,11160950169219	4,99536151374031e-16	2,01598518233091e-15
"comp8683_c0_seq1"	1628613,36517441	2,2749068687544	0,28096686822244	8,09670863738056	5,64660951619959e-16	2,25864380647984e-15
"comp95_c0_seq1"	103285,492059815	-1,29988139538098	0,160846929542627	-8,0814809401537	6,39849294519956e-16	2,53694632564053e-15
"comp1027_c0_seq1"	168354,011303493	1,49649004519679	0,188182489817113	7,95233417652815	1,83029733523197e-15	7,19386430891175e-15
"comp590_c0_seq4"	109882,021185833	3,1577991734095	0,398748637008104	7,91927264530141	2,38903972011843e-15	9,22945259396179e-15
"comp718_c0_seq1"	112241,842898867	-1,03678447410811	0,130905933525653	-7,92007242288167	2,37372279323703e-15	9,22945259396179e-15
"comp439_c0_seq2"	40764,5506929723	-1,46957132918876	0,187019440823566	-7,85785329438107	3,90772597119648e-15	1,49685774489899e-14
"comp1201_c0_seq1"	57907,2170701485	-1,4259962086402	0,183350615815468	-7,77742797480091	7,40138829655706e-15	2,81128362188554e-14
"comp3048_c0_seq2"	101039,496632117	1,29601043415051	0,167075651365305	7,75702757140132	8,69430333079425e-15	3,27485425459917e-14
"comp1579_c0_seq1"	154101,702062789	1,67689534881017	0,217715950297433	7,70221633518022	1,33726236973579e-14	4,99539331504608e-14
"comp448_c0_seq1"	122781,135479998	-1,01632531650648	0,132395850072753	-7,67641369384315	1,63604191243914e-14	6,0614011837909e-14
"comp1014_c0_seq1"	148022,713924367	1,76824161048039	0,231751107705354	7,62991654274429	2,34905732949598e-14	8,63230823522098e-14
"comp1691_c0_seq1"	111929,74819847	1,82633834084106	0,239420258141594	7,62816962531615	2,38110135643091e-14	8,67949849279655e-14
"comp61_c0_seq1"	185993,520085223	-0,932977337905721	0,122985647707798	-7,58606679148759	3,29762484260533e-14	1,19242114308609e-13
"comp1149_c0_seq1"	151308,84899649	1,70216395286449	0,22465713391601	7,57671890134976	3,54403500901307e-14	1,2713522413285e-13
"comp73_c0_seq1"	99928,2831189831	-1,32651102875079	0,175127269337497	-7,574554401316	3,60362365332417e-14	1,28254952071065e-13
"comp824_c0_seq3"	74984,7839050063	-1,26280245268324	0,167245410697644	-7,55059554349272	4,33272412650763e-14	1,52999320717301e-13
"comp1752_c0_seq1"	205849,233099119	2,18277906324135	0,290850439604961	7,50481610482022	6,15148962058867e-14	2,15540566550859e-13
"comp7268_c0_seq1"	21808,9690930942	1,22072196642556	0,163639324650581	7,45983258628186	8,66324847347959e-14	3,01214485385598e-13
"comp611_c0_seq2"	86039,1581557131	-0,856576951873044	0,115492569690074	-7,41672779618358	1,20049319622883e-13	4,14215973049948e-13
"comp521_c0_seq1"	72900,5970637207	-0,980541793406427	0,132513918787337	-7,39953811931285	1,36658990296266e-13	4,67953512226608e-13
"comp215_c0_seq1"	133806,916137841	-1,07984611890112	0,146602820869009	-7,36579359455824	1,76096107808484e-13	5,9846196037169e-13
"comp559_c0_seq1"	80954,6651946038	-0,9001923979259	0,122615291632081	-7,34159977881891	2,11055720236752e-13	7,11919295126956e-13
"comp259_c0_seq2"	114464,017990889	-0,520092311959783	0,0716365679886242	-7,26015115691156	3,8665798911811e-13	1,29458823023249e-12
"comp215_c0_seq3"	29011,8726631323	-1,6547976336254	0,229180161295084	-7,22050994411659	5,17929821835202e-13	1,72135499609935e-12
"comp185_c0_seq1"	152044,140457278	-1,09385284894063	0,151549798455174	-7,21777831505447	5,28437674295682e-13	1,74345860424561e-12
"comp361_c0_seq3"	33796,856896074	-2,12600905234793	0,297489746169318	-7,14649523126053	8,90214806714932e-13	2,91577603358804e-12
"comp296_c0_seq1"	177463,545880627	-1,05831877622438	0,148175264694384	-7,14234442845232	9,17523363773259e-13	2,98360115414038e-12
"comp866_c0_seq4"	53686,2493828468	1,62990326835391	0,229983702658525	7,08703812275758	1,37012649909496e-12	4,42355126850659e-12
"comp2448_c0_seq1"	158372,862524765	1,54715504456574	0,220024206814517	7,03174921962115	2,03960154390042e-12	6,53829714782262e-12
"comp20454_c0_seq1"	7954,52240564697	2,04634346760608	0,294847125443147	6,94035413955784	3,91118221151407e-12	1,24496785887631e-11
"comp126_c0_seq2"	32974,7838491598	-1,13938441100231	0,164488406270253	-6,92683719684363	4,30353349717658e-12	1,36027772078588e-11
"comp15911_c0_seq4"	1551,98064587227	-25,9551051563073	3,74790548621446	-6,92522937191863	4,35269685477154e-12	1,3662631794144e-11
"comp3212_c0_seq1"	126639,202483648	1,54582141561756	0,223895729910281	6,90420230987434	5,0486307688337e-12	1,57378007414678e-11
"comp193_c0_seq3"	202177,181594164	-0,649687778332178	0,0942183652707585	-6,89555349920526	5,36554757320205e-12	1,661114728142e-11
"comp1496_c0_seq1"	54031,1342645837	-0,648647773441005	0,0944127957589827	-6,87033752391863	6,4050176651115e-12	1,96943400314993e-11
"comp381_c0_seq1"	213918,4290278	-1,03951289690294	0,151585817399916	-6,85758677647578	7,00334849077125e-12	2,13886048501933e-11
"comp477_c1_seq2"	751337,143410221	2,60385257464602	0,380409960350714	6,84485908898241	7,65511847915415e-12	2,32222386079039e-11
"comp26163_c0_seq1"	1329,75088707618	-28,4131929698546	4,15551190553714	-6,83747119867338	8,06032865103123e-12	2,42884570017741e-11
"comp4872_c0_seq1"	26365,6618816008	1,2947840477008	0,190618700049479	6,79253424435648	1,10180650431292e-11	3,29812278112211e-11
"comp441_c0_seq1"	111592,906675089	-0,953010688934314	0,143209146531382	-6,6546775259601	2,83921868247985e-11	8,44293976632166e-11
"comp1151_c0_seq1"	69291,6468760488	-1,39165360652355	0,209848208687124	-6,6317154443689	3,31807782794999e-11	9,80242600152547e-11
"comp2232_c0_seq1"	41515,8181608615	-1,35129968815432	0,205596670633764	-6,57257573281151	4,94522199476733e-11	1,45145476729535e-10
"comp477_c1_seq3"	210632,609145833	1,64481088573029	0,250749594121426	6,55957546608744	5,3961179866076e-11	1,57357763222364e-10
"comp126_c0_seq1"	29817,3986027501	-0,944984635907355	0,144198442863361	-6,55336227730834	5,62558159037464e-11	1,6299762043906e-10
"comp421_c0_seq2"	71348,2480952023	-0,866828793120375	0,138348122349377	-6,26556239723538	3,71482209060036e-10	1,06949018149768e-09
"comp377_c0_seq1"	70640,3480385009	-0,902450957558102	0,144506413893322	-6,24505814824461	4,23642481413328e-10	1,21193925062547e-09
"comp253_c0_seq1"	112385,533343752	-0,769825960307262	0,123757405079495	-6,22044361557813	4,95751200425806e-10	1,40930529932367e-09
"comp250_c0_seq1"	67094,8798888741	-0,653150139719436	0,105242584494207	-6,20613930053561	5,43020495673084e-10	1,53403290027646e-09
"comp11079_c1_seq1"	7581,91640295072	2,39037919459959	0,385676541176197	6,19788589502919	5,72266021242688e-10	1,60661019628382e-09
"comp1025_c0_seq1"	98351,8127387105	-0,833662644803123	0,135438352978579	-6,15529225266773	7,49391718957349e-10	2,09089541338717e-09
"comp469_c0_seq2"	54002,8916122871	-0,935753806551972	0,15263581695524	-6,13063057687425	8,75314416888205e-10	2,42725224805809e-09
"comp477_c0_seq1"	63393,7898732478	-1,44326087919365	0,235601582510385	-6,12585392600252	9,01985296978138e-10	2,48595947703731e-09
"comp415_c0_seq1"	184724,204885937	-0,883354622007487	0,145428580359085	-6,07414732253009	1,24648255655695e-09	3,41460676099236e-09
"comp3048_c0_seq1"	5883,24722477005	1,71996883057933	0,28580174473207	6,01804874281557	1,76532042987679e-09	4,80677611026693e-09
"comp10454_c0_seq2"	16214,9669928928	1,03376380049113	0,17347729800714	5,95907252630011	2,53673505672385e-09	6,86589368646216e-09
"comp792_c0_seq1"	99364,7765630991	-0,835446367359459	0,141803985725754	-5,89155772373843	3,82571973158542e-09	1,02930078492655e-08
"comp309_c0_seq1"	803808,976210336	2,8517509259347	0,486456946378042	5,86228842483936	4,56531126081442e-09	1,22101815969711e-08
"comp477_c1_seq1"	251847,896475502	2,07939190133699	0,354777336383219	5,86111819468337	4,59760566550877e-09	1,22242221224115e-08
"comp884_c0_seq1"	44703,4050095958	-0,980759742513453	0,167533268338523	-5,85411931755369	4,79544266423653e-09	1,26756730072217e-08
"comp660_c0_seq4"	31208,6026480019	-1,89429844509533	0,325693550512924	-5,81619882282613	6,02008576493804e-09	1,5820225382279e-08
"comp17172_c0_seq1"	547,838797602116	-27,3945549615951	4,71164376063798	-5,81422457921263	6,09155889633631e-09	1,59155180412949e-08
"comp3432_c0_seq1"	52691,1076704577	1,2455345062467	0,214868655630103	5,79672499273646	6,76224433986054e-09	1,75662898943504e-08
"comp36339_c0_seq1"	404,814125163612	-26,1864968199077	4,52312578755366	-5,78946906406305	7,06092596344559e-09	1,82373630598709e-08
"comp13642_c0_seq1"	775,459823332221	-27,2241587326575	4,71164659412386	-5,77805618244164	7,55685767780051e-09	1,94073844907149e-08
"comp10454_c0_seq1"	15049,7329371918	1,04175913262865	0,180936209029865	5,75760450721444	8,53159510195302e-09	2,17868982264563e-08
"comp221_c0_seq2"	114056,210939435	-1,32221992454658	0,231916136323528	-5,70128472087883	1,18907835809672e-08	3,01945740370628e-08
"comp14573_c0_seq1"	12163,92504942	1,24307512904458	0,21870859317461	5,68370502046141	1,31807542538366e-08	3,32832453784031e-08
"comp21641_c0_seq1"	334,821356361433	-26,7258734560855	4,71165630996742	-5,67228840515117	1,40902502319921e-08	3,53821839158913e-08
"comp23874_c0_seq1"	567,163618420384	-26,691756374153	4,7116507435608	-5,66505410245685	1,4697815410192e-08	3,67039368254518e-08
"comp43962_c0_seq1"	542,492987182666	-26,5205268265275	4,71164783658874	-5,62871584344226	1,81556208595125e-08	4,5089783673075e-08
"comp730_c0_seq1"	63862,7908878675	-1,38063627448383	0,245561731796124	-5,62235925111527	1,88367024906158e-08	4,6525625823816e-08
"comp18253_c0_seq1"	507,309216723803	-26,3939053113372	4,71167060754552	-5,6018146236854	2,12119342708003e-08	5,21075776652268e-08
"comp36139_c0_seq1"	238,424616217811	-26,2869448132571	4,71166715235485	-5,57911753170406	2,41741863469607e-08	5,90634174531148e-08
"comp327_c0_seq3"	69115,5697660525	-1,34828110493728	0,242059749355307	-5,57003429330253	2,54689200952438e-08	6,18922144250011e-08
"comp989_c0_seq2"	35353,1285217729	-0,639058231003967	0,115809915703852	-5,51816506488235	3,42557602120239e-08	8,28000193360149e-08
"comp559_c0_seq4"	89471,9953082173	-1,01188223300162	0,183617804322162	-5,51080673650928	3,57192750454272e-08	8,58782570241123e-08
"comp21657_c0_seq1"	264,188539843593	-25,9041581733594	4,71168002906344	-5,49786021410041	3,84427469842919e-08	9,19371515179891e-08
"comp866_c0_seq1"	79125,5872978363	1,20480428955698	0,219670191018041	5,48460528018583	4,14393638096666e-08	9,8582065484049e-08
"comp1074_c0_seq1"	32379,1328980789	-0,936758418180296	0,171939650609361	-5,44818146867453	5,08874252800554e-08	1,20424692285786e-07
"comp17813_c0_seq5"	1713,46874483198	-13,105159703176	2,41085540767448	-5,43589618085692	5,45216954123347e-08	1,28353157949871e-07
"comp422_c0_seq1"	176753,672354152	-0,874803463494606	0,161416619881806	-5,41953774112706	5,97533351832364e-08	1,39940453382502e-07
"comp27608_c0_seq1"	7077,68480024635	1,65957745006733	0,306485122998005	5,41487114882941	6,13328568064218e-08	1,42899233384034e-07
"comp23364_c0_seq1"	325,615251511301	-25,4738728412546	4,71167009790936	-5,40654848745836	6,425083951034e-08	1,48930151070121e-07
"comp477_c1_seq4"	205579,567753264	2,0003593270493	0,370520449904596	5,39878251676625	6,70946481786436e-08	1,54728474371158e-07
"comp36310_c0_seq1"	277,939449945248	-25,4223307296499	4,7117032734693	-5,39557125186517	6,83058789890223e-08	1,56722118289533e-07
"comp17875_c0_seq1"	136,601748073361	-25,4096460997019	4,7117051329796	-5,39287696970826	6,93384301889829e-08	1,58287729522325e-07
"comp6132_c0_seq1"	15583,2955130844	1,56096027420465	0,291568688711014	5,35366222314693	8,61916901902539e-08	1,95772080231129e-07
"comp1268_c0_seq2"	22373,5948293378	-1,6358439725236	0,306131910828479	-5,34359181340014	9,11226406750537e-08	2,05937167925621e-07
"comp841_c0_seq1"	84775,4807766069	-0,973722331812057	0,182522899155833	-5,33479544931357	9,56523240120398e-08	2,15098758474836e-07
"comp403_c0_seq1"	110214,825391427	-0,903457653738926	0,169917294717076	-5,31704353722935	1,05466839894799e-07	2,35995107091333e-07
"comp13998_c0_seq1"	214027,862016685	1,17828020925629	0,222777443048021	5,2890462927268	1,22955772231473e-07	2,7377344358929e-07
"comp3391_c0_seq1"	133242,897335132	1,99544264196484	0,377937628413454	5,2798199807241	1,29310870180305e-07	2,86512320203421e-07
"comp1644_c0_seq1"	189119,737214341	1,44967379031788	0,275770511565796	5,25681220260564	1,46573850863907e-07	3,23177466295053e-07
"comp221_c0_seq1"	72574,5616980811	-1,00970511859104	0,192716048982147	-5,2393411131243	1,61150923570525e-07	3,53593288611055e-07
"comp736_c0_seq1"	69442,9632011707	-0,634647867748575	0,121309168292661	-5,2316562439656	1,67997949161657e-07	3,66836101551057e-07
"comp2196_c0_seq1"	938642,311306364	2,14428862147164	0,416128279412051	5,15295097103546	2,56419022709398e-07	5,57218260887729e-07
"comp252_c0_seq1"	215005,231275904	-0,791101962568357	0,154535867014762	-5,11921263231912	3,06813885547586e-07	6,6354007783497e-07
"comp539_c0_seq1"	50583,4701274144	-1,31049927186801	0,258193586479693	-5,07564610622534	3,86181475432572e-07	8,31209651883441e-07
"comp5916_c0_seq1"	15688,4145904087	-1,04347732271453	0,206090482851698	-5,06319995118557	4,12277042058231e-07	8,83171673034694e-07
"comp1051_c0_seq1"	74360,4754345345	-0,912621615219384	0,18169157998041	-5,02291639116013	5,08927033260351e-07	1,08507084449848e-06
"comp716_c0_seq1"	83477,7411177173	-0,898548229814878	0,180857871209691	-4,96825614392574	6,75576874218592e-07	1,43361853120565e-06
"comp15254_c0_seq8"	49,2593601762941	-23,0536393305357	4,71211319199777	-4,89242053219052	9,9603337679269e-07	2,10377143135652e-06
"comp212_c0_seq1"	136311,671724756	-0,529803649901987	0,109014471563749	-4,85993870632279	1,17422101641004e-06	2,46859488101088e-06
"comp4311_c1_seq1"	15851,1930608663	-0,992127404369542	0,204510010883507	-4,85124126727799	1,22691187205199e-06	2,5674266952199e-06
"comp267_c0_seq1"	71821,4424906269	-0,83935253662812	0,174741314076149	-4,80340062146005	1,55993329124673e-06	3,24926197070748e-06
"comp37911_c0_seq1"	97,7024999876157	-22,4412790579195	4,71236238545283	-4,76221419795647	1,91480276898488e-06	3,97014152101453e-06
"comp15911_c0_seq5"	6581,50406117776	2,18206771360825	0,461854971973559	4,72457339645827	2,30598920809752e-06	4,75939325141589e-06
"comp836_c0_seq1"	54501,0304327965	-0,7437660911665	0,157717166721008	-4,71582204163087	2,40736784462086e-06	4,94604666258468e-06
"comp180_c0_seq1"	91055,8240183267	-0,907557294308122	0,193053650033138	-4,7010626017811	2,58811148287944e-06	5,29333208263126e-06
"comp10481_c0_seq3"	11706,7702798735	1,10167324117226	0,234523929813038	4,69748755297811	2,63381229798443e-06	5,36253675085118e-06
"comp9429_c0_seq1"	13211,4416093444	1,26389901007896	0,272504293779905	4,6380884225618	3,51646351090368e-06	7,12754038981375e-06
"comp3047_c0_seq1"	9764,06230409093	-1,62869354508629	0,360706385265113	-4,51528892090234	6,32304996703799e-06	1,27590115406302e-05
"comp225_c0_seq1"	250273,770919759	-0,865826946449022	0,193321763468722	-4,47868326314489	7,51048759936499e-06	1,50877350885021e-05
"comp135_c0_seq1"	61604,5728632379	-0,864107309736208	0,193072341522338	-4,47556238725282	7,62104404770722e-06	1,52420880954144e-05
"comp50_c0_seq2"	144005,95484337	-0,65288353388566	0,1465604938176	-4,45470342572806	8,40092417083506e-06	1,67278313886231e-05
"comp8709_c0_seq1"	18640,3648712722	0,854128978443792	0,195120196880731	4,37745037212057	1,20075690391909e-05	2,38044789724311e-05
"comp4048_c0_seq1"	75380,4846182598	-0,938363043586241	0,214795868250919	-4,36862706544277	1,25030063761475e-05	2,46784230655838e-05
"comp45520_c0_seq1"	6069,04024963196	1,62283793073347	0,373081971696262	4,34981600251291	1,36251808530673e-05	2,67764423721149e-05
"comp10732_c0_seq4"	807,238856259392	-10,3955034331288	2,39965375781586	-4,33208474317175	1,47704065592783e-05	2,89014015791939e-05
"comp4254_c0_seq1"	11804,0444366362	-1,43460722817951	0,334519212905255	-4,28856452136226	1,79831562222827e-05	3,50361491916887e-05
"comp10312_c0_seq1"	13888,6160084336	0,595490531377856	0,139391592286751	4,27206922317693	1,93667432310549e-05	3,75698194868534e-05
"comp4266_c0_seq1"	67707,3890397979	0,713347081371784	0,167810012519524	4,25092085186984	2,12893397182685e-05	4,11229980882794e-05
"comp20986_c0_seq2"	4091,55222732176	1,49832890719687	0,354270040397378	4,22934128303996	2,34376563720142e-05	4,50800880006402e-05
"comp1534_c0_seq2"	29003,6905930718	-0,535485461651623	0,12681652569895	-4,2225211477786	2,4158472343743e-05	4,6269616522762e-05
"comp539_c0_seq2"	56164,7127337425	-0,668381088872093	0,159268450903874	-4,19656928336355	2,70988589476597e-05	5,16822120014437e-05
"comp13899_c0_seq1"	5743,30603302169	-1,10970805617155	0,264833007375885	-4,19021808182885	2,78686474492612e-05	5,29270111221262e-05
"comp412_c0_seq2"	82240,7070441147	-1,26672944956298	0,303592127573252	-4,17247133411699	3,0131351799622e-05	5,69848159557704e-05
"comp180_c0_seq2"	59475,2560252608	-0,746908740655712	0,179549510268546	-4,15990408182449	3,18381273731899e-05	5,99618065528409e-05
"comp2503_c0_seq1"	48027,1232929379	-0,646610881192289	0,158161480458108	-4,08829557816105	4,34554241275201e-05	8,15014593594983e-05
"comp377_c0_seq2"	125837,728475767	-0,623209261826016	0,153784294888935	-4,05248963996036	5,0675468700208e-05	9,46500489772479e-05
"comp184_c0_seq1"	145410,46314891	-0,566303933963822	0,139895322410871	-4,04805481844915	5,16450522346052e-05	9,60640477779488e-05
"comp7242_c0_seq2"	18837,4059323349	1,15073102361857	0,285615751702741	4,02894804211012	5,60269983313489e-05	0,000103787718220368
"comp5591_c0_seq7"	775,792429634026	-10,4322295054871	2,60784117635152	-4,000331615318	6,32537822046481e-05	0,000116696773700004
"comp1496_c0_seq2"	16362,3944551019	-1,00504027277012	0,258776829743906	-3,88381090287235	0,0001028318940839	0,000188943154983426
"comp38530_c0_seq1"	6117,09629859387	1,9739158827948	0,511105534627279	3,86205147286122	0,000112438868372779	0,00020575857694128
"comp1534_c0_seq1"	18351,8161105497	-0,9206314879947	0,240477352688521	-3,82835006166735	0,000129005183719016	0,000235122350971754
"comp591_c0_seq4"	24590,9210645692	-1,99187246430845	0,523966107321215	-3,80152921434544	0,000143805778648853	0,000261045027908761
"comp5145_c0_seq1"	17727,7446497836	0,696526671045641	0,188752039816699	3,69016764916581	0,000224106308396545	0,000405184205580953
"comp3220_c0_seq1"	16072,0309995247	-1,53967708835606	0,421022348348929	-3,65699610577447	0,00025518825588546	0,000459542197849514
"comp20357_c0_seq1"	820472,862215237	1,59702006320135	0,437179822643057	3,65300496611726	0,000259189216511581	0,000464894943901724
"comp194_c0_seq2"	111087,288925351	-0,363702650083019	0,100127909168152	-3,63238035333611	0,000280818792179972	0,000501699976542875
"comp5341_c0_seq1"	15946,2864354209	-0,496241874102089	0,137163894665711	-3,61787535496498	0,000297031375471394	0,000528575518555394
"comp9458_c0_seq1"	8089,68399308312	1,52325225609374	0,421225649154288	3,61623813543178	0,000298915408907298	0,000529842215004308
"comp12907_c1_seq1"	10189,7046051772	0,777196415668629	0,215010395363347	3,61469227734428	0,000300704575555208	0,000530931516214665
"comp144_c0_seq1"	115955,32667527	-0,730047811283286	0,202212848085214	-3,61029389673418	0,000305850252416011	0,000537915619035163
"comp75_c0_seq1"	208868,02593548	-0,531409263852338	0,148737089440415	-3,5728093500527	0,000353171890368046	0,00061873524979208
"comp2229_c0_seq1"	3523,16863744203	1,14153469223915	0,321684103599801	3,54862015083996	0,000387255277326098	0,000675827742669485
"comp9495_c0_seq1"	11679,3421526966	-1,0876547072253	0,308214193213965	-3,52889234555867	0,000417302852192448	0,000725464958426871
"comp1231_c0_seq1"	54478,2576033456	-0,984919137451355	0,279546490917813	-3,52327490936354	0,00042624898590712	0,000738178320421526
"comp43682_c0_seq1"	3685,08527886566	1,02077671331981	0,289832226372326	3,52195725815698	0,000428373203360941	0,000739025526408952
"comp1659_c0_seq1"	48842,4568275132	-0,434309605563746	0,123661265397198	-3,51209090549695	0,000444595896802494	0,000764096370170066
"comp7267_c1_seq1"	12905,2967280015	-0,887420594028368	0,256514471628692	-3,459534225862	0,000541110503960703	0,000926446771932719
"comp9585_c0_seq1"	6716,51727767439	1,07778465767267	0,313456877258635	3,43838255232596	0,000585200330345389	0,00099815301628723
"comp361_c0_seq2"	122343,723955597	-0,294742553089262	0,086051863582221	-3,42517338753089	0,000614407176779553	0,00104403024024195
"comp21617_c0_seq1"	603,168021089569	-13,5482336289597	4,00013529475468	-3,38694384830566	0,00070675851564236	0,0011964601088777
"comp4078_c0_seq1"	21358,2799556861	-0,566458445455116	0,168269337329491	-3,36637948686947	0,000761618529778719	0,00128452080395515
"comp6508_c0_seq1"	11167,2763015326	0,904962365621204	0,269891931646117	3,35305453594587	0,000799249565291282	0,00134297696472736
"comp2229_c0_seq6"	4467,37248615334	1,80849147028442	0,551202935328238	3,2809902748567	0,00103443310894984	0,00173171764905677
"comp25551_c0_seq1"	572,18026455572	-13,3624364420762	4,09680571015425	-3,26167199214654	0,00110757220276471	0,00184731599870719
"comp1916_c0_seq1"	72943,5418005027	-0,575232470560582	0,176436398948259	-3,26028231130059	0,00111301369223499	0,00184956687091991
"comp9523_c0_seq3"	9556,99452032282	4,39871812217253	1,35109043185	3,25568001850884	0,00113121159561179	0,00187292176269791
"comp2081_c0_seq1"	21474,8749882683	0,408389346962157	0,127538551474093	3,20208550467278	0,00136436493653907	0,00225070420188197
"comp1537_c0_seq1"	25352,8967536005	0,611568435674279	0,1914066891639	3,19512572076621	0,00139769940832015	0,00229730957294803
"comp3435_c0_seq2"	15311,080826785	-0,411407055269894	0,129977951279489	-3,16520649248622	0,0015497292656158	0,00253796242050124
"comp272_c0_seq1"	122112,531529206	-0,66992794039853	0,213892306114795	-3,13208059030876	0,00173572223547383	0,00283229765499701
"comp25678_c0_seq1"	8374,66844566797	1,38007815637154	0,442288053353423	3,12031524683473	0,00180657585336089	0,00293731038028462
"comp3798_c0_seq1"	14761,6444983187	-0,984825576679779	0,322262947832817	-3,0559689945823	0,00224334452858949	0,00363437894954282
"comp3946_c0_seq1"	11949,5605690331	-0,801175792933905	0,262674022340037	-3,05007623440115	0,00228783285970701	0,00369321590209845
"comp33374_c0_seq1"	12735,6408678786	0,941998060144575	0,312103492669922	3,01822338508984	0,00254261405030828	0,00408989875707951
"comp3541_c0_seq1"	13974,2208198992	-1,62958914443737	0,548580928156239	-2,97055377027845	0,00297263361740924	0,00476464679102474
"comp9722_c0_seq1"	9242,37128122551	-0,502409297513757	0,17012487606401	-2,95317950635699	0,0031451901175303	0,00502341319124981
"comp10145_c0_seq1"	5944,04868288374	1,38907981506881	0,480581069217635	2,89041725536583	0,00384730798452834	0,00610210619163299
"comp327_c0_seq2"	8724,09743269875	0,817916905782052	0,282977446005189	2,89039609809417	0,00384756695711372	0,00610210619163299
"comp4805_c0_seq1"	33329,8208308407	0,403719822942109	0,140459413364904	2,87428099883397	0,00404948500690094	0,00639988539552176
"comp10732_c0_seq3"	667,17532743198	-11,6701315515155	4,0879722474619	-2,85474823337198	0,00430709577867395	0,00678330066885235
"comp1129_c1_seq1"	3653,33895075287	-1,38813025932374	0,491614222421387	-2,82361696634136	0,00474850959502079	0,00745252200329651
"comp1415_c0_seq1"	17321,1426156552	-0,802214327070195	0,284761867637119	-2,8171409807316	0,00484532519280244	0,00757815566486749
"comp21506_c0_seq1"	573,716330299939	-11,8904170240818	4,26081550632517	-2,79064348278645	0,0052603379001954	0,0081988714858218
"comp9925_c0_seq1"	9109,01050535544	0,492977417618279	0,177319948088976	2,7801576919643	0,0054332507584752	0,00843927609220203
"comp1143_c0_seq1"	56692,4246710244	-0,553474723986453	0,200172959539108	-2,76498246946447	0,00569258549928818	0,00881181043040499
"comp13339_c0_seq1"	8815,69228138494	0,760642188473328	0,277181478768559	2,74420279396969	0,00606580530237428	0,00935748804325316
"comp13339_c0_seq2"	11930,7155193275	0,775100955770901	0,284959084303066	2,72004297622794	0,00652734323145985	0,0100352351721764
"comp25719_c0_seq1"	300,458688044493	-12,7788424751416	4,71165858689588	-2,71217496757559	0,00668432998073777	0,0102417530552321
"comp37424_c0_seq1"	293,105681236379	-12,7430983326428	4,71165941098507	-2,70458817607502	0,00683891164467334	0,0104080406174827
"comp9287_c0_seq2"	4198,24776325679	2,08970822849889	0,772533908772281	2,70500518458779	0,00683033234070146	0,0104080406174827
"comp50584_c0_seq1"	4312,87946867812	1,37094900264394	0,508709602172812	2,69495404998906	0,00703983385327994	0,0106778687975924
"comp25717_c0_seq1"	243,381041977921	-12,4749108976053	4,71166629066529	-2,64766435651873	0,00810499510647892	0,0122523671843762
"comp26972_c0_seq1"	229,864388761569	-12,3924829213718	4,71166867524282	-2,63016858262708	0,00853425359805207	0,0128582754210651
"comp27384_c0_seq1"	202,772912113485	-12,2115756603442	4,7116744118384	-2,59176984506014	0,00954836264566134	0,0143384050360097
"comp22610_c0_seq1"	173,494876752416	-11,9866177833878	4,7116826256302	-2,54402062613133	0,0109584613415701	0,0164014057165221
"comp19835_c0_seq1"	142,899559460216	-11,7067464945693	4,71169480503419	-2,48461476793048	0,0129691695758346	0,0192831073956488
"comp4274_c0_seq1"	5405,88941904295	0,867992109474185	0,349289791287799	2,48501997803594	0,0129544164393131	0,0192831073956488
"comp23314_c0_seq1"	128,997578207651	-11,5590994495568	4,7117022480499	-2,45327460035084	0,0141562226495669	0,0209790578282107
"comp3909_c0_seq1"	27996,6516559977	0,584687028749574	0,239707526000376	2,4391684253946	0,0147211053188387	0,0217449006670427
"comp2033_c0_seq1"	29756,7696592938	0,469317750712458	0,193906658021189	2,42032819038722	0,0155065050274903	0,0228304243401485
"comp468_c0_seq1"	131458,206661478	-0,479537583289393	0,198543500543639	-2,41527716584202	0,015723240000666	0,0230743651957826
"comp35931_c0_seq1"	113,384478749117	-11,3729855745679	4,7117127834323	-2,4137688558943	0,0157884748276982	0,0230951152819404
"comp15460_c0_seq1"	103,194653569421	-11,2371421066813	4,71172137809254	-2,38493348926129	0,0170822094004518	0,0249069633838845
"comp2229_c0_seq2"	7869,86510420363	0,473779854392265	0,200489878038164	2,36311109083562	0,0181222363318206	0,0263384270803309
"comp20001_c0_seq1"	85,4261001221605	-10,9645397815497	4,71174127023647	-2,32706745822643	0,0199616751701181	0,0289188371054275
"comp60317_c0_seq1"	2581,55715481173	3,40859562479387	1,46865410017011	2,32089749682996	0,020292376688125	0,0293040072301357
"comp36452_c0_seq1"	78,1840317458381	-10,8367458452239	4,71175197121004	-2,29993979127914	0,0214516313489594	0,0308794183749351
"comp1119_c0_seq1"	50823,4754734622	-0,315975106339426	0,13764259696452	-2,29562005736403	0,0216976149251413	0,0311343553846472
"comp46834_c0_seq1"	4935,73929607895	0,671082741900165	0,294648187937704	2,27757294757926	0,0227520338115383	0,0325440483633396
"comp310_c0_seq3"	73282,4798685347	-0,405093586568554	0,180351787440605	-2,24613014551886	0,0246956729546718	0,0352127576514563
"comp29648_c0_seq1"	61,5821384539534	-10,4923986347199	4,71178600114698	-2,22684108152741	0,0259578966948665	0,0368961298933323
"comp3498_c0_seq1"	42965,8602907634	-0,422705548318837	0,190670325036444	-2,21694460445297	0,0266268772081484	0,0377283651977525
"comp8614_c0_seq1"	11562,9916548903	-0,580145553582814	0,264491410787395	-2,19343816064087	0,0282758254400948	0,0398151809935291
"comp9458_c0_seq2"	15065,1039665107	0,758640641164629	0,345801787538819	2,19385980206787	0,028245490020217	0,0398151809935291
"comp783_c0_seq3"	85081,2660261786	-0,704921349518838	0,324875802334197	-2,16981795644383	0,0300206395119758	0,0421407734764381
"comp20913_c0_seq1"	50,1415535749247	-10,195919976471	4,71182256426954	-2,16390151314019	0,0304719087925851	0,0425101937476805
"comp611_c0_seq1"	11157,8787137478	-0,631808196752096	0,291935304373593	-2,16420620352091	0,0304485274067997	0,0425101937476805
"comp12609_c0_seq1"	6247,95063322338	0,625092855625416	0,289688558647582	2,15780995474477	0,0309426106013975	0,0429919633337744
"comp37902_c0_seq1"	92,9836908802318	-10,1633013127448	4,71182706506673	-2,15697672524849	0,0310074779796692	0,0429919633337744
