"baseMean"	"log2FoldChange"	"lfcSE"	"stat"	"pvalue"	"padj"
"comp176_c0_seq1"	173767,766509198	-1,9928178126536	0,0924669522454511	779,379195752065	2,2479665035276e-167	5,7098349189601e-165
"comp591_c0_seq1"	78699,2691517193	-4,41630845882051	0,194440817733238	642,765282443313	8,58349161058621e-138	1,09010343454445e-135
"comp886_c0_seq1"	56755,4507155031	-2,24025642202974	0,112707275041033	633,325448062719	9,48620672164078e-136	8,03165502432253e-134
"comp75_c0_seq2"	245739,383786161	-2,15027910947746	0,127985834796205	483,603973543058	2,35496072196641e-103	1,49540005844867e-101
"comp266_c0_seq1"	101474,77305775	-2,03220825497329	0,119676802439953	454,717614624735	4,14898952356807e-97	2,10768667797258e-95
"comp10009_c0_seq2"	48560,4887747462	3,49337689388408	0,206703767673384	443,243178103108	1,25468319929958e-94	5,31149221036822e-93
"comp3376_c0_seq1"	161671,084463315	4,27485536043655	0,248490858975785	434,033447045359	1,22835614253172e-92	3,90003075253821e-91
"comp724_c0_seq1"	84752,6782108398	-3,06017520940397	0,176559835032965	434,056433032347	1,21438348377853e-92	3,90003075253821e-91
"comp227_c0_seq1"	63774,7946210809	-2,20704582637357	0,136688604796418	394,667179999719	3,9491810276102e-84	1,11454664556999e-82
"comp114_c0_seq1"	99633,8666777686	-1,98055468069674	0,133629643299508	378,755164455953	1,08137630527958e-80	2,74669581541013e-79
"comp310_c0_seq2"	188908,311185544	-2,32824646787239	0,143191452306746	370,379336690088	6,96794173640764e-79	1,6089610918614e-77
"comp787_c0_seq1"	348477,801786351	3,99400845057796	0,219312735905559	366,639302696676	4,47567595245234e-78	9,47351409935745e-77
"comp787_c0_seq2"	397275,591411078	4,23154087650934	0,244609779173894	325,282341932831	3,79952667193168e-69	7,4236905743896e-68
"comp866_c0_seq9"	601606,589121628	4,37359151477167	0,274119438790626	319,070662919265	8,3225518122562e-68	1,50994868593791e-66
"comp357_c0_seq1"	131947,606918451	-1,78020794643665	0,134757533160074	314,455304260659	8,24481017380998e-67	1,39612118943182e-65
"comp162_c0_seq1"	219107,299036132	-1,65587688522733	0,12333186253737	310,021031375529	7,46349544714612e-66	1,18482990223445e-64
"comp868_c0_seq1"	578073,281660086	4,26465385437358	0,283828436313227	287,320809723183	5,88069393541314e-61	8,78644858585258e-60
"comp72_c0_seq1"	97661,8053038105	-1,92528045912036	0,14541883246969	286,014910139926	1,12469915175923e-60	1,58707546970469e-59
"comp1839_c0_seq1"	192217,531449171	2,84663664948197	0,209187802812617	284,150226355259	2,83874530728745e-60	3,79495425290006e-59
"comp1245_c0_seq1"	4121899,73623698	3,63736518338345	0,236463522537962	276,9317205561	1,02213641129742e-58	1,29811324234773e-57
"comp718_c0_seq1"	115959,325878878	-1,4073527664094	0,121733646247379	256,124364973475	3,11960645591813e-54	3,77323828477716e-53
"comp9661_c0_seq1"	34910,0486281337	2,19545662360903	0,171542110851078	254,694197779046	6,34225533393713e-54	7,32242206736378e-53
"comp824_c0_seq1"	54139,4779027487	-1,94502036655253	0,169339393469748	247,565488842554	2,17766803368308e-52	2,30469866898126e-51
"comp84_c0_seq1"	160921,208321015	-1,64149150381797	0,150658487367332	247,618434107459	2,12122571649356e-52	2,30469866898126e-51
"comp404_c0_seq1"	71690,7874994895	-2,03813588344833	0,183763552487983	228,292335841449	3,07750403338993e-48	3,12674409792417e-47
"comp213_c0_seq1"	82292,9605082931	-1,54883611895847	0,152418940719793	224,103082678632	2,45420250724417e-47	2,3975670647693e-46
"comp866_c0_seq5"	674226,979845234	3,60232409929795	0,266237718158037	221,281805269478	9,93321537570356e-47	9,34458039047668e-46
"comp1196_c0_seq1"	4190645,4373728	2,14464937143799	0,171138064540558	209,411660810782	3,55577747244005e-44	3,22559813571348e-43
"comp61_c0_seq1"	191812,887922075	-1,29555060876062	0,132483289286899	209,099899935177	4,14946090928406e-44	3,63435541709708e-43
"comp72_c0_seq3"	105903,736797004	-2,09887756939386	0,171240794427493	200,742932399979	2,60100877170224e-42	2,20218742670789e-41
"comp509_c0_seq1"	124181,887393603	-1,4110720079893	0,134376493996578	200,581234577368	2,81778298724531e-42	2,30876412503326e-41
"comp22239_c0_seq1"	39671,3748081503	3,91427320378889	0,342072868443154	195,835846065235	2,95162606254705e-41	2,34285318714672e-40
"comp274_c0_seq1"	70189,7791309187	-2,46942167812965	0,222725492211748	188,468091594451	1,13100919981049e-39	8,70534353793527e-39
"comp9523_c0_seq1"	29463,5653829545	3,36753038350569	0,293368413184081	183,84005346061	1,1162177920001e-38	8,3388035049419e-38
"comp848_c0_seq1"	99692,4621005056	-1,55444675940238	0,15459718022896	174,874734884261	9,39873952874597e-37	6,8207995437185e-36
"comp82_c0_seq1"	158986,875291721	-1,15157418485073	0,133436428914641	171,786677161755	4,32497404882775e-36	3,05150946778403e-35
"comp434_c0_seq1"	94668,5374316866	-1,3924379846741	0,134208731148099	170,719296079498	7,32970916804945e-36	5,03174629374205e-35
"comp358_c0_seq1"	98109,0076197419	-1,45784664023682	0,134591257422576	163,091051243497	3,17630161847035e-34	2,12310687129334e-33
"comp610_c0_seq1"	107114,381385727	-1,1230822962145	0,131857752677071	162,217807138193	4,88923598570097e-34	3,18427164196935e-33
"comp866_c0_seq7"	37880,9123823224	2,66529957084817	0,26768318799735	161,008803080705	8,88308269290887e-34	5,64075750999713e-33
"comp2751_c0_seq1"	208910,717223192	1,87988779293353	0,179411184736801	157,926492012813	4,06994370060235e-33	2,52137975598292e-32
"comp393_c0_seq1"	31250,4259234659	-2,06734185588956	0,201295256102781	157,665533896006	4,62962168085482e-33	2,79981882604077e-32
"comp2284_c0_seq1"	123576,048780854	1,70659086048654	0,194561563111289	155,686584799168	1,2298507470509e-32	7,26469976164947e-32
"comp1795_c0_seq1"	151112,813349239	1,85566921737562	0,191756173376914	155,06728661049	1,66963790685529e-32	9,63836428048279e-32
"comp866_c0_seq6"	601637,775820034	2,8447318618006	0,257891672580831	154,919966750635	1,79558043068881e-32	1,01350539865546e-31
"comp1201_c0_seq1"	60219,252771225	-1,79157294748522	0,182308246030344	152,751119818288	5,23744630909726e-32	2,89198122284936e-31
"comp194_c0_seq1"	27057,7547232318	-2,60084293976971	0,265170655381206	151,931784785433	7,8474838431133e-32	4,24098063010804e-31
"comp521_c0_seq1"	75258,3666649323	-1,34167419808779	0,150141224310549	149,40783889875	2,72658079622833e-31	1,44281567133749e-30
"comp253_c0_seq1"	115457,545749701	-1,12813911478597	0,137492248185466	145,013225443558	2,38289334193157e-30	1,23521409969514e-29
"comp1210_c0_seq1"	137632,148490485	1,90879864160801	0,192567476004654	143,969674010068	3,98671463551112e-30	2,02525103483965e-29
"comp1292_c0_seq1"	120600,042253458	1,39297874367104	0,185382788629075	142,553894295956	8,01336578104307e-30	3,99097040859792e-29
"comp11567_c0_seq1"	12562,723877713	2,78006005922832	0,258573949557848	139,925279212832	2,92847446266902e-29	1,43044714138064e-28
"comp1897_c0_seq1"	3017117,03757787	2,49845060244083	0,243471077593212	139,129181393505	4,33579710776189e-29	2,07791031202174e-28
"comp124_c1_seq1"	1199225,62311	2,85932740098376	0,279798762621089	138,943778994973	4,75070058672547e-29	2,23458879449679e-28
"comp1200_c0_seq1"	240083,022188218	2,19174459945845	0,249840850953556	137,720501629601	8,68166830853792e-29	4,00935227339751e-28
"comp736_c0_seq1"	71033,4115211188	-0,999237359007787	0,126443595113805	137,363459949035	1,03519600848972e-28	4,69535332422123e-28
"comp2908_c0_seq2"	112220,564859832	1,61882172678136	0,175710857333468	137,146665184607	1,15192142564157e-28	5,13312354584139e-28
"comp1027_c0_seq1"	161363,986606039	1,12517564748709	0,174934030002252	136,721624173785	1,42033471359006e-28	6,22008650434266e-28
"comp611_c0_seq2"	88241,4250206391	-1,22203043813051	0,131829688314053	135,5872715841	2,48396990739255e-28	1,06937009572493e-27
"comp1897_c0_seq2"	1425492,27981569	2,88372758106733	0,271158380138748	135,08665494471	3,17885539918553e-28	1,34571545232187e-27
"comp22419_c0_seq1"	321008,991504858	2,5006154452663	0,264843212041964	133,980043011315	5,48338192398e-28	2,28324427654249e-27
"comp824_c0_seq3"	77870,5254798252	-1,62456963789272	0,18392829038438	133,201689647672	8,0458647224062e-28	3,29620909595351e-27
"comp680_c0_seq1"	133786,384433562	1,2000643815467	0,147049586790594	131,976870120157	1,47091174645699e-27	5,93034259682658e-27
"comp403_c0_seq1"	113666,502196934	-1,27315221352729	0,166599620217716	130,431841493234	3,14809558215341e-27	1,24940043416713e-26
"comp3011_c0_seq1"	16113,5140412494	2,19644066273969	0,235903789184343	129,956135817581	3,97908536237413e-27	1,55490412622004e-26
"comp185_c0_seq1"	157423,873398375	-1,46408115965295	0,172615516793363	128,827592641517	6,93606339349011e-27	2,62949268947237e-26
"comp310_c0_seq1"	145966,110530529	-2,14333854926891	0,234299648527269	128,83251929127	6,91925919533454e-27	2,62949268947237e-26
"comp2678_c0_seq2"	162970,734545721	2,35113883092789	0,246655545006807	128,273417592044	9,11186115385957e-27	3,40354813688284e-26
"comp1496_c0_seq1"	55032,972012967	-1,01901641985796	0,107194793511047	127,954026435709	1,06634057614808e-26	3,9253696571248e-26
"comp866_c0_seq3"	56207,9569039389	2,03779719634837	0,220778905987832	127,382958770463	1,41250190293451e-26	5,12536404779095e-26
"comp1509_c1_seq1"	223093,149203037	1,77692303852276	0,210021902771215	126,293256566861	2,41513615454973e-26	8,64006455289623e-26
"comp796_c0_seq1"	34362,3168710556	-3,51324127294501	0,359341006698837	121,36921266982	2,72387472420349e-25	9,60922472149563e-25
"comp2784_c0_seq1"	202348,734614396	1,70815361069111	0,196142292837816	121,244911184511	2,89561659793216e-25	1,00751591215722e-24
"comp200_c0_seq1"	140317,52407171	-0,918524137879711	0,124708397992717	121,200228701016	2,95996280157092e-25	1,01598723189056e-24
"comp2459_c0_seq1"	134892,278585773	2,20737829190521	0,250718596496753	120,930470238304	3,37996021279756e-25	1,14467985873411e-24
"comp441_c0_seq1"	114450,811967505	-1,3288619197346	0,146733199212934	117,534553618083	1,79539261213516e-24	6,00039109845171e-24
"comp6132_c0_seq2"	120981,957791713	1,94243454254342	0,2292731931924	113,883702463314	1,08009159732403e-23	3,56289955480914e-23
"comp470_c0_seq1"	204468,186146398	1,32869817007828	0,181855287447076	112,314744643119	2,33472286970781e-23	7,6028154987921e-23
"comp836_c0_seq1"	55764,0693718476	-1,10893475219161	0,145998606289725	109,210821774574	1,07223115945199e-22	3,44742676583297e-22
"comp973_c0_seq1"	238025,101716149	1,79085527245093	0,225305167016802	108,921880777273	1,23566668882974e-22	3,92324173703443e-22
"comp138_c0_seq1"	147257,338354516	-1,55426744040127	0,193582891244807	108,647843485312	1,41362269895571e-22	4,43284154981172e-22
"comp14849_c0_seq1"	24345,3706607884	1,52120892253649	0,212951801580357	106,60787437662	3,84791556479622e-22	1,19191530909541e-21
"comp27180_c0_seq1"	1451,73380931671	-13,8005385676565	1,57656038287947	106,322873008833	4,42559482453921e-22	1,35433865714814e-21
"comp116_c0_seq1"	195630,062363085	1,54360980586174	0,199042760559456	103,62308320893	1,66441732333427e-21	5,03288095389173e-21
"comp1657_c0_seq1"	192019,561092751	2,11490065998884	0,256077122765279	102,633048012748	2,70492778275878e-21	8,08296066847916e-21
"comp1277_c0_seq1"	216253,160400973	1,73573795642209	0,2206797605826	102,287557725294	3,20436188727899e-21	9,35526344102141e-21
"comp3048_c0_seq2"	97302,5405835045	0,928584924824226	0,16236997892961	102,292558406186	3,19651316795587e-21	9,35526344102141e-21
"comp5446_c0_seq1"	19306,2977888703	1,18341764510982	0,182120301511859	100,268026873946	8,62550417836362e-21	2,48963416057314e-20
"comp590_c0_seq1"	2865202,20607176	2,23407865342496	0,256426162207477	96,9002380038285	4,49311993079816e-20	1,28230613755363e-19
"comp590_c0_seq2"	480686,783325151	2,65356776955872	0,321914538819842	95,2032321085463	1,03164797060588e-19	2,91153982815438e-19
"comp2417_c0_seq1"	23427,0037044683	2,21598072524229	0,253826720894601	93,9658017695635	1,89091454443404e-19	5,27793729984886e-19
"comp1281_c0_seq1"	32669,755857965	-3,00585797253122	0,318631937660118	91,1331809406004	7,56407176075199e-19	2,08834155133805e-18
"comp1752_c0_seq1"	193785,119965188	1,80551102701837	0,278898203199906	89,5645825484701	1,6292792882753e-18	4,4498595615261e-18
"comp490_c0_seq1"	57557,1096561396	-1,24720968584328	0,170659955750945	88,8653438276674	2,29352801965356e-18	6,13216965254741e-18
"comp866_c0_seq2"	712082,877474749	2,29575237175021	0,275882865360063	88,8779134468414	2,27947411532645e-18	6,13216965254741e-18
"comp1229_c0_seq1"	161751,73937563	1,53179544448037	0,196671862393177	88,1343164664868	3,27896303017389e-18	8,67558968400176e-18
"comp2232_c0_seq1"	43073,6684851098	-1,71417570283371	0,220580160881853	86,3927731696802	7,68129477404557e-18	2,01139059031709e-17
"comp2908_c0_seq1"	13835,8312129967	3,26090762737546	0,4077341685404	86,2306489804122	8,31461159248493e-18	2,1550115760114e-17
"comp2407_c0_seq1"	190258,931722477	1,17571145282917	0,203492392811612	85,5142320573445	1,17996503170203e-17	3,02738503083148e-17
"comp2605_c0_seq1"	109101,816152979	1,26653364868875	0,182216050265557	82,7153301734888	4,62941677045322e-17	1,17587185969512e-16
"comp590_c0_seq3"	965896,367832609	2,34547940138825	0,283861252778349	81,8870767687688	6,93605095706343e-17	1,74431380504367e-16
"comp194_c0_seq2"	112486,596915725	-0,727322278863262	0,111056980283269	80,8017127322079	1,17798657365698e-16	2,93341754616541e-16
"comp1119_c0_seq1"	51725,8037474791	-0,681820753400533	0,150067477590052	78,339731833282	3,91420671459167e-16	9,65250976219692e-16
"comp590_c0_seq4"	102590,580072713	2,78527480430761	0,365171310138511	76,9580176264191	7,67617812173894e-16	1,8747588874247e-15
"comp2503_c0_seq1"	49216,437731635	-1,01496942085464	0,175248730194354	76,3233761690375	1,04580532493533e-15	2,52985288127213e-15
"comp9536_c0_seq1"	773624,284199164	2,34864786071039	0,302991523514407	76,2952537988201	1,06023364166841e-15	2,54055985833752e-15
"comp422_c0_seq1"	181817,365004392	-1,2348798056313	0,188130739595526	75,3675802703365	1,66596896059498e-15	3,95473005599183e-15
"comp9722_c0_seq1"	9468,27561273013	-0,864705998873066	0,199876526034271	71,3112773943122	1,19975800486142e-14	2,82165308550741e-14
"comp3281_c0_seq1"	259242,039898641	5,38896023181965	0,732030114224338	69,1222430624072	3,47753155904223e-14	8,10360565134611e-14
"comp72_c0_seq2"	82334,4943919847	-0,656533938400257	0,153281227545091	68,9454714448735	3,78944652599824e-14	8,75017652366867e-14
"comp1196_c0_seq3"	810522,589551443	1,86972885923287	0,267745103827584	67,5360715604768	7,514646435841e-14	1,71956774297623e-13
"comp1149_c0_seq1"	144521,617196894	1,32561580960035	0,212197454023661	66,7520960074438	1,09956895960405e-13	2,49366531910205e-13
"comp1579_c0_seq1"	147407,371724095	1,30310550603941	0,205687003143878	65,624505539955	1,90061341436115e-13	4,27217528537815e-13
"comp1691_c0_seq1"	106740,989511111	1,45280850283074	0,218514957224197	62,3934335791562	9,10436440632474e-13	2,02851628000569e-12
"comp4311_c1_seq1"	16236,2733579251	-1,37137682503898	0,201242142667121	61,8622791828905	1,17758204395765e-12	2,60092034056733e-12
"comp310_c0_seq3"	74544,0827262001	-0,786549704250173	0,171774982660582	61,3711636525597	1,49376687706277e-12	3,2708343687409e-12
"comp75_c0_seq1"	213490,015745772	-0,891432409896186	0,178378429579044	60,4071784380336	2,38205848655633e-12	5,17130645799409e-12
"comp135_c0_seq1"	63232,9512978269	-1,21580597269468	0,21076570342705	57,3815266608739	1,02891895308995e-11	2,21479164478684e-11
"comp227_c0_seq3"	77127,9709411841	-0,74724549797358	0,133431701045047	55,6967421502121	2,32127934922484e-11	4,95466348490008e-11
"comp272_c0_seq1"	125346,879108265	-1,03454535424885	0,22495566231275	55,0233470019294	3,21258568393522e-11	6,79997303099621e-11
"comp8683_c0_seq1"	1550282,65725029	1,89469572744305	0,265614796189511	54,6931642471934	3,76730677255852e-11	7,90823074570136e-11
"comp866_c0_seq4"	51429,9666962553	1,26524360335542	0,218758320581329	53,9841308342933	5,3031007563127e-11	1,10408819024871e-10
"comp1724_c0_seq1"	65089,7641032874	-1,83181144770569	0,290027149112064	53,80668390683	5,77674591955604e-11	1,18420794814631e-10
"comp2274_c0_seq1"	75533,3835789925	1,21058569016025	0,212414131654354	53,805094940541	5,78117266024181e-11	1,18420794814631e-10
"comp8507_c0_seq3"	321412,425700321	1,89230689378639	0,349961769439548	53,5261142634425	6,61331570765329e-11	1,34382575179515e-10
"comp45520_c0_seq1"	5795,39185573396	1,26049758081158	0,407099324005227	49,6537754084565	4,26473196641108e-10	8,59715809101915e-10
"comp477_c1_seq2"	704172,638264768	2,22614770520142	0,363733799511426	49,391932053101	4,83663349109495e-10	9,67326698218991e-10
"comp239_c0_seq1"	122561,254603921	-0,566768371343516	0,182822418721035	47,9158064171161	9,82704477100266e-10	1,95005419674584e-09
"comp3048_c0_seq1"	5613,34456432963	1,34686467402406	0,305779907383405	45,2937639004731	3,4542838330718e-09	6,80145808992433e-09
"comp5916_c0_seq1"	16127,3354701263	-1,40076408943623	0,239870291162836	43,9482094915897	6,57667167030821e-09	1,28498046481406e-08
"comp3047_c0_seq1"	10219,9309600374	-1,99551601984265	0,379018967850085	43,837967942299	6,93268668639612e-09	1,34420031934703e-08
"comp13899_c0_seq1"	5948,17821044429	-1,47107091318171	0,30235301015496	41,1463316365112	2,50669498098295e-08	4,82348882704294e-08
"comp7717_c0_seq1"	9337,08428000449	0,850943627994796	0,287057101818154	40,0058806291035	4,31631864005431e-08	8,24319499679546e-08
"comp2229_c0_seq1"	3358,33216507565	0,765238840169181	0,351234507511577	39,8112202665152	4,73550399387449e-08	8,97625383913522e-08
"comp771_c0_seq1"	170237,537384137	-0,603489314339985	0,1681763362382	39,0984718329462	6,64768441693851e-08	1,25074951252028e-07
"comp309_c0_seq1"	752440,133081081	2,48485304390434	0,469440594766052	38,9582521727564	7,10615127181178e-08	1,32717825223544e-07
"comp4293_c0_seq1"	16131,6426632271	1,14909840673719	0,218918739758974	37,7067393600387	1,28801171204682e-07	2,3879925172255e-07
"comp477_c1_seq1"	238157,583929293	1,69523137268617	0,335650145784146	36,4779954043246	2,30720606814215e-07	4,2465966761457e-07
"comp1496_c0_seq2"	16770,8725638241	-1,36796336505322	0,261397391760873	35,9440854608803	2,9713588719473e-07	5,42967736312672e-07
"comp1129_c1_seq2"	75032,4391701553	-0,182212067537441	0,107869261147337	35,8729178094909	3,07321994093145e-07	5,57569903568992e-07
"comp4078_c0_seq1"	21584,4791916426	-0,935135307126131	0,180897512824185	33,8032368650327	8,17735167781282e-07	1,47308321004571e-06
"comp144_c0_seq1"	118405,058251185	-1,0954743071785	0,223301694165088	33,0097895351404	1,18898063789887e-06	2,12676818328389e-06
"comp6132_c0_seq1"	14912,7703657403	1,18666134119353	0,282411005439107	32,8693086432049	1,27038002704108e-06	2,25647920887016e-06
"comp3272_c0_seq1"	24444,7048491063	-0,618192724665289	0,174337071934652	32,1206572443322	1,80748746567251e-06	3,18820705750568e-06
"comp8507_c0_seq7"	55044,4727871959	1,89714023843051	0,373275176558621	31,9986068953893	1,91435256598525e-06	3,35341759834657e-06
"comp1644_c0_seq1"	181336,775745697	1,07347230974103	0,257495868465985	31,473349271169	2,4508583739087e-06	4,26382210255349e-06
"comp866_c0_seq1"	76657,4584147136	0,83545886212411	0,201934801400031	30,449202474297	3,96473098765813e-06	6,85062361132765e-06
"comp3391_c0_seq1"	126844,850510293	1,63146056237704	0,364531641950439	30,0590606653548	4,76078653104487e-06	8,17053904652295e-06
"comp7267_c1_seq1"	13178,8796528776	-1,2467693566331	0,264561548982914	29,8663169336926	5,21090980397688e-06	8,88302745107469e-06
"comp468_c0_seq1"	133406,735342127	-0,841624355299666	0,202743117423511	28,0776169920391	1,20291895060835e-05	2,03694275636348e-05
"comp11631_c0_seq1"	9686,64312144824	-0,508186506925546	0,270859342587104	27,8887113572667	1,31377341792884e-05	2,20992349770811e-05
"comp8614_c0_seq1"	11760,4411211168	-0,966623944036934	0,253917650109859	26,7717269521652	2,21069735329585e-05	3,69419162984964e-05
"comp72_c0_seq4"	75858,9009709874	-0,762825782193206	0,196764314306565	26,0504433228129	3,09120523818641e-05	5,13180477450555e-05
"comp611_c0_seq1"	11461,019031752	-0,999800845985948	0,314747135815084	25,472149158495	4,04255306344629e-05	6,66758752022959e-05
"comp1827_c0_seq1"	28283,7033392181	-0,544781173370226	0,129709786357145	25,4426018283464	4,09830710579294e-05	6,7159355152994e-05
"comp9495_c0_seq1"	11996,3133899544	-1,45634504367677	0,324639983442252	24,9876429478114	5,05984526679543e-05	8,23846601132077e-05
"comp159_c0_seq1"	87779,2944945815	-0,442170940580892	0,277574648612809	24,6262254148101	5,98084716875811e-05	9,67602026028382e-05
"comp3839_c0_seq1"	22694,9287145064	-0,44634363526079	0,167655441902262	23,3677904543291	0,000106905837880161	0,000171861283680765
"comp591_c0_seq4"	25989,3047299803	-2,34489455596102	0,623348734872087	23,0216760957749	0,000125369806607244	0,000200276294831698
"comp38530_c0_seq1"	5883,41400766245	1,60717148498255	0,504116860092643	22,702237448719	0,000145203829722846	0,000230511079685018
"comp2196_c0_seq1"	893691,793658433	1,76102999606553	0,401110323061458	22,5279811938717	0,000157305116393527	0,000248170804745067
"comp4476_c0_seq1"	27777,0699655589	-0,901191312245698	0,258380251585333	21,4485528084192	0,000257983531697876	0,000404492697847287
"comp33374_c0_seq1"	12288,6380548077	0,55877936369664	0,305496659004268	20,9588226906539	0,000322677807592334	0,000502823086677625
"comp3272_c0_seq2"	7365,9389376387	0,0419618894526023	0,388038067081803	20,8429396006576	0,000340200672806292	0,000526896163980477
"comp3946_c0_seq1"	12169,8286069257	-1,17137923112933	0,280465035546339	20,6267522929981	0,000375448070327347	0,000577962484019068
"comp14573_c0_seq1"	11861,0226858718	0,875528186395803	0,23442590600846	20,4149527556459	0,00041348253206613	0,000632678091233717
"comp2487_c0_seq1"	25599,3818675638	-0,655280403444427	0,278985495352379	19,6224258047088	0,00059281446975348	0,000901645959984335
"comp8507_c0_seq6"	818,214603180499	-10,6414386376783	1,77629024674007	19,5325647522249	0,000617480463629187	0,000933571653344128
"comp4283_c0_seq1"	20450,2046716505	-0,399039786060134	0,114731391035592	19,3598344621141	0,000667779754613409	0,00100364531166749
"comp5650_c0_seq2"	17511,4181369287	-0,903059723858749	0,306203591055232	19,2909727586624	0,000688944121467361	0,00102936356972182
"comp1129_c1_seq1"	3809,3537052276	-1,74303907821165	0,52379323041274	19,2544764049317	0,000700428788476161	0,00104040299574822
"comp3715_c0_seq1"	17389,2942991821	-0,379525388782171	0,156190929735443	18,7471191134715	0,000881135326587699	0,00130121147065858
"comp2713_c0_seq1"	20578,4104196381	-0,695559370643926	0,271808636852835	18,4204024219263	0,00102116221717757	0,00149927863100059
"comp4977_c0_seq1"	31936,34854358	-0,874690314040591	0,278053674997917	18,2519715873602	0,00110172205022852	0,0016082609238968
"comp857_c0_seq1"	30200,9156885337	-0,579418467742283	0,250592024943706	18,1203435570367	0,00116902227889633	0,00169675233622667
"comp1537_c0_seq1"	24898,4992635782	0,24557419700781	0,206653778160858	16,6456745060777	0,00226457031515289	0,00326818670482292
"comp8507_c0_seq4"	75133,2622962739	1,50840795376734	0,509296273700943	16,0739687850233	0,00292149777180568	0,00419243183072679
"comp25551_c0_seq1"	638,364932613366	-13,7037008201268	3,83917725336766	15,2131800617946	0,0042788891887171	0,00610583064007946
"comp3272_c0_seq3"	30158,2962538435	-0,81494200218969	0,328732657476653	14,5090820597018	0,00583560372132306	0,00828068907941931
"comp3369_c0_seq1"	18713,131319948	0,0328593657214735	0,169559409060532	13,6828227738289	0,00837928621843714	0,0118241038860169
"comp9523_c0_seq3"	8811,0869429191	4,02608759401947	1,34548183074824	12,5237407249605	0,0138532842965246	0,0194405205045152
"comp25719_c0_seq1"	341,591204571808	-13,1334141954323	4,7116588886553	12,4266073538963	0,0144454380092116	0,0201601167820865
"comp37424_c0_seq1"	330,100049933952	-13,084049413141	4,71166004268728	12,3718646613058	0,0147899547932888	0,0205281339753845
"comp3968_c0_seq1"	15498,5773804909	-0,558225573474997	0,208607004678088	12,2500986221363	0,0155852135421008	0,0215143708679001
"comp25717_c0_seq1"	273,981009573511	-12,815238950195	4,71166706926726	12,0737771433235	0,0168109896022626	0,0230810343728363
"comp4274_c0_seq2"	17916,7930910367	-0,305221329361963	0,206182265020031	12,0555745643433	0,0169427480646968	0,0231368710130806
"comp26972_c0_seq1"	260,478269982239	-12,7423310980319	4,71166921178387	11,9929310224185	0,0174039094555971	0,0236395347685651
"comp14849_c0_seq2"	8484,90663423974	-0,0473012028512949	0,358868945659467	11,5576497249398	0,0209624801311934	0,0283216486878889
"comp22610_c0_seq1"	196,041402645011	-12,3323520454089	4,71168350097166	11,5383246738602	0,0211358423666197	0,0284047828630762
"comp31806_c0_seq1"	429,731522042547	-27,1427401070852	4,71165209490424	11,4888648802633	0,0215858968902563	0,0288569358427637
"comp52197_c0_seq1"	179,098190255405	-12,2019528164005	4,71168896538356	11,3937382111831	0,0224777581335471	0,0298918877796909
"comp13642_c0_seq1"	857,966669890713	-27,4986038513885	4,25988296887293	11,328477158167	0,0231101613319133	0,0305728175953436
"comp23314_c0_seq1"	149,410178532148	-11,9404983467089	4,71170152830182	11,1038516178742	0,0254213276538584	0,0334560477931608
"comp18714_c0_seq1"	144,268416027575	-11,8899778743749	4,71170422943904	11,0478372755241	0,0260316174418654	0,0340826331455351
"comp15460_c0_seq1"	118,245631792369	-11,6030272982372	4,71172150268432	10,7297030276044	0,02977576085415	0,0385946790258263
"comp36139_c0_seq1"	267,28566375482	-26,5163439108885	4,71166812186573	10,7292281302581	0,0297817208230786	0,0385946790258263
"comp20001_c0_seq1"	97,8789918077905	-11,3303288109253	4,71174142845435	10,4273945552743	0,0338119433946751	0,0435950945291751
"comp36452_c0_seq1"	89,9023882359048	-11,2076971196628	4,71175169257895	10,2914575038926	0,0357941279313963	0,045917719669569
"comp29648_c0_seq1"	69,4673686906061	-10,8356943604102	4,71178874236561	9,87912508282659	0,0425137784411505	0,0542638177088051
"comp20913_c0_seq1"	57,7845345191551	-10,5700615496142	4,71182169602712	9,58475333164409	0,0480345862450968	0,0610039245312729
"comp25678_c0_seq1"	8177,13148381919	1,00111019470078	0,441848522093531	9,41962163315748	0,0514253043358885	0,0649852104543068
"comp4262_c0_seq1"	19797,4475729411	-0,490977891390582	0,170672734835147	9,19100294558609	0,0564986516166323	0,0710428589634881
"comp21641_c0_seq1"	374,761472025909	-27,0703793116814	4,71165702387143	8,94977736133666	0,0623671404617784	0,0780357324004518
"comp2929_c0_seq1"	21809,1052644025	-0,308035547829402	0,223342164996313	8,47451040119455	0,0756636320390314	0,0937490855507999
"comp4274_c0_seq1"	5365,91878487558	0,500591379104679	0,370333263265854	8,4796376285492	0,0755068503320748	0,0937490855507999
"comp23364_c0_seq1"	363,35600496406	-26,618773906106	4,71167063685084	8,16619208612968	0,0856766022573902	0,105640082395034
"comp2033_c0_seq2"	42292,823890703	-0,0100910291752921	0,218072104286741	8,13235153830311	0,0868485464876291	0,106567781680472
"comp46834_c0_seq1"	4843,54435710356	0,314877089011479	0,319625113445059	7,77013219804746	0,100370867055416	0,122568270346518
"comp17875_c0_seq1"	155,56205614119	-25,8563575570402	4,71170529746898	7,55322657873077	0,109384999897657	0,131784645488261
"comp37902_c0_seq1"	102,709377905514	-10,5107199016186	4,71182992429752	7,56628657515638	0,108821607530785	0,131784645488261
"comp8507_c0_seq8"	62776,5514363471	0,885612825298371	0,488291275589886	7,55115425333389	0,10947464644891	0,131784645488261
"comp4266_c0_seq1"	66998,2866883303	0,343119639583276	0,174351538302395	7,34842380666942	0,118581910229071	0,142074552821623
"comp2229_c0_seq6"	4314,01895433466	1,44472614956565	0,568527007428183	7,13016549055203	0,129167391743503	0,154030598604928
"comp3441_c0_seq2"	17907,8090735802	0,549054033721196	0,434737236774193	6,96352091953855	0,137828581256246	0,163590932892927
"comp10145_c0_seq1"	5743,76455455743	1,02826854341531	0,487308500880956	6,80613036706939	0,146494960193717	0,17306846460095
"comp13513_c0_seq1"	4152,43503876461	-0,732331486931936	0,484616687222009	6,60374974487439	0,158369569797817	0,186230883002988
"comp43962_c0_seq1"	607,331238236074	-26,9863066544019	4,66970865437024	6,58236368548698	0,159674220725646	0,186899779098222
"comp36339_c0_seq1"	444,987027877055	-26,6189023534363	4,43923325869021	6,55734006964049	0,161213160238695	0,187230677164833
"comp8507_c0_seq1"	40074,105123586	-0,179082147021804	0,392480029543484	6,55381263379905	0,1614311744059	0,187230677164833
"comp26013_c0_seq1"	4715,51651048093	0,531858094709319	0,581091143115359	6,19229516662665	0,185240432022181	0,213868498789245
"comp23874_c0_seq1"	626,463260800027	-27,7662824522051	4,71165117973528	6,10009997579213	0,191796423417798	0,220435708362537
"comp31319_c0_seq1"	367,624609575693	-26,649024105342	4,70276363561569	5,80686679020197	0,214043316362368	0,244896407009196
"comp18098_c0_seq1"	218,804265348871	-10,0935359177394	4,71189839138504	5,6758965189636	0,224695226678718	0,2559308859928
"comp2229_c0_seq5"	14477,3423058061	-0,0694875940543182	0,264724951341648	5,6446486147932	0,227304304135366	0,257746844867781
"comp4887_c0_seq1"	11715,8981815012	-0,141434261178899	0,26260168391817	5,51911875647977	0,238054029982159	0,268736549402082
"comp36310_c0_seq1"	307,279081291318	-25,7222293323526	4,71170270619294	5,3419243657502	0,253977809488089	0,285444086769799
"comp60317_c0_seq1"	2428,89812643194	3,08035887944573	1,46910453324926	4,73675363968192	0,315389830756291	0,352903158643603
"comp9523_c0_seq2"	6711,30569620593	1,52277051731005	1,46787890104233	4,40790764649881	0,353607334395006	0,393930977790928
"comp37911_c0_seq1"	103,11439404184	-22,7839314562468	4,71235301756175	4,3938258077646	0,355323272451075	0,394114022718659
"comp9746_c0_seq2"	1415,96164937792	0,598250587445342	4,47189842724916	3,50556743736286	0,477032308513298	0,526809592879903
"comp3909_c0_seq1"	27503,6409438604	0,203535333091288	0,228663468203528	3,25308603645811	0,516399556720346	0,567815962800727
"comp10009_c0_seq1"	1909,56250613358	3,38917158844593	2,40917635066992	3,19107831538358	0,526373156502169	0,576287852377374
"comp6788_c0_seq1"	6463,01877140246	-2,24277733670262	1,3647239917992	3,00359322409037	0,557224263034421	0,607446192320785
"comp3661_c0_seq1"	17670,788585682	-0,180848116305075	0,270114042242281	2,84604012930271	0,583911795923336	0,633818787027894
"comp591_c0_seq2"	15367,5879804121	-2,26446554413182	2,0450557307638	2,62535965192728	0,622337408450591	0,672654049984894
"comp7118_c0_seq1"	17421,5365265679	-0,160162085367505	0,186134042204621	2,10977616483916	0,715576550375049	0,770154422861281
"comp27888_c0_seq2"	3375,35555902157	1,9162202829834	1,81693654914693	1,99967518025022	0,735818629596637	0,788598868850404
"comp2422_c0_seq1"	1699,68940587634	1,76707943186913	2,4654425434027	1,96809422456619	0,741627370839054	0,791484673080335
"comp866_c0_seq18"	223,547835377278	0,708900636636568	1,99924724715739	1,91276599146528	0,751799481373894	0,798983549242548
"comp4380_c0_seq1"	11978,2840935419	0,0710043892281154	0,283978913477864	1,83546306695183	0,765988180949368	0,810670824838081
"comp2033_c0_seq1"	29351,4850136045	0,0933005701008995	0,183019033733154	1,64472600464484	0,800731983369523	0,843924994920577
"comp591_c0_seq3"	15423,8582150098	-3,06625399827112	3,15217448998218	1,3946215359976	0,845129278820166	0,887036515786456
"comp9746_c0_seq1"	5961,75566463029	-1,11321447685296	1,39763817490601	1,2839195251596	0,864097856306179	0,903213397126623
"comp27888_c0_seq1"	3373,89048046358	0,497316257557764	1,72903982922449	1,13957863103383	0,887942847397765	0,924333947700952
"comp22419_c0_seq3"	173858,965672777	-0,922562642947631	1,61951534142634	0,862545381901612	0,929871709786328	0,964030262390724
"comp2229_c0_seq2"	7789,37238327314	0,106035871006155	0,226208702614974	0,825937093630557	0,934937400546044	0,965341868856484
"comp2422_c0_seq2"	1640,93986642717	0,749665223132943	2,92628027125002	0,737968003477761	0,946565468582611	0,972108419101115
"comp866_c0_seq17"	3,84562973088433	-2,92008190044773	4,68569390125061	0,717565284199296	0,949145228098727	0,972108419101115
"comp6788_c0_seq2"	1208,66011326629	0,562053120081115	2,6065357604526	0,579698462013653	0,965292712471391	0,984676100272022
"comp2422_c0_seq3"	9020,39756730615	0,682537829384531	3,08222047421211	0,164539595425651	0,996795846855111	0,999938619591478
"comp2422_c0_seq4"	6725,68013731645	-0,905598832046449	3,6087963069987	0,179869234606571	0,996190368143585	0,999938619591478
"comp5650_c0_seq1"	1100,64134336366	-1,02912453627512	2,26486977494985	0,296767004141884	0,990021915804635	0,999938619591478
"comp7073_c0_seq1"	3607,2775993625	0,49852706921735	4,56205004692723	0,0222417546812324	0,999938619591478	0,999938619591478
"comp7073_c0_seq2"	4776,94183719374	-1,39492363348911	3,52518543661575	0,19790709813941	0,995415400423982	0,999938619591478
