"baseMean"	"log2FoldChange"	"lfcSE"	"stat"	"pvalue"	"padj"
"comp591_c0_seq1"	78699,2691517193	-4,41630845882051	0,194440817733238	-22,7128671351271	3,34304393754414e-114	8,49133160136213e-112
"comp176_c0_seq1"	173767,766509198	-1,9928178126536	0,0924669522454511	-21,5516761854951	5,10645244913142e-103	6,4851946103969e-101
"comp886_c0_seq1"	56755,4507155031	-2,24025642202974	0,112707275041033	-19,8767685689689	6,46669747894291e-88	5,47513719883833e-86
"comp787_c0_seq1"	348477,801786351	3,99400845057796	0,219312735905559	18,2114751981293	4,18516622881841e-74	2,65758055529969e-72
"comp724_c0_seq1"	84752,6782108398	-3,06017520940397	0,176559835032965	-17,3322273938045	2,68716697680459e-67	1,36508082421673e-65
"comp787_c0_seq2"	397275,591411078	4,23154087650934	0,244609779173894	17,2991484265276	4,77393234309463e-67	2,02096469191006e-65
"comp3376_c0_seq1"	161671,084463315	4,27485536043655	0,248490858975785	17,2032700842856	2,50960070581465e-66	9,10626541824174e-65
"comp266_c0_seq1"	101474,77305775	-2,03220825497329	0,119676802439953	-16,9808034100253	1,13915915827572e-64	3,61683032752541e-63
"comp10009_c0_seq2"	48560,4887747462	3,49337689388408	0,206703767673384	16,9004026061297	4,46845203025049e-64	1,26109646187069e-62
"comp75_c0_seq2"	245739,383786161	-2,15027910947746	0,127985834796205	-16,8009148270307	2,40308853183468e-63	6,10384487086009e-62
"comp310_c0_seq2"	188908,311185544	-2,32824646787239	0,143191452306746	-16,2596749342607	1,90747271284867e-59	4,40452790057783e-58
"comp227_c0_seq1"	63774,7946210809	-2,20704582637357	0,136688604796418	-16,1465239158795	1,20144187299299e-58	2,54305196450183e-57
"comp866_c0_seq9"	601606,589121628	4,37359151477167	0,274119438790626	15,955057890339	2,62729941955141e-57	5,13333886589275e-56
"comp1245_c0_seq1"	4121899,73623698	3,63736518338345	0,236463522537962	15,3823521883782	2,14993104060802e-53	3,90058917367456e-52
"comp868_c0_seq1"	578073,281660086	4,26465385437358	0,283828436313227	15,0254636560348	5,00101868244946e-51	8,46839163561442e-50
"comp114_c0_seq1"	99633,8666777686	-1,98055468069674	0,133629643299508	-14,821222535614	1,06822430373674e-49	1,69580608218207e-48
"comp1839_c0_seq1"	192217,531449171	2,84663664948197	0,209187802812617	13,6080431612539	3,58720388234006e-42	5,3597046242022e-41
"comp866_c0_seq5"	674226,979845234	3,60232409929795	0,266237718158037	13,5304799193014	1,03346734689832e-41	1,45833725617874e-40
"comp162_c0_seq1"	219107,299036132	-1,65587688522733	0,12333186253737	-13,4261889114469	4,24712960237485e-41	5,67774167896427e-40
"comp72_c0_seq1"	97661,8053038105	-1,92528045912036	0,14541883246969	-13,2395538213502	5,1855972266963e-40	6,5857084779043e-39
"comp357_c0_seq1"	131947,606918451	-1,78020794643665	0,134757533160074	-13,210452170581	7,63643192088851e-40	9,23644622812229e-39
"comp9661_c0_seq1"	34910,0486281337	2,19545662360903	0,171542110851078	12,7983537844826	1,67463652822723e-37	1,93344399168053e-36
"comp1196_c0_seq1"	4190645,4373728	2,14464937143799	0,171138064540558	12,531691165233	5,00831827582554e-36	5,53092540025951e-35
"comp72_c0_seq3"	105903,736797004	-2,09887756939386	0,171240794427493	-12,2568782538706	1,54331570484144e-34	1,63334245429053e-33
"comp718_c0_seq1"	115959,325878878	-1,4073527664094	0,121733646247379	-11,5609185282224	6,50096539452545e-31	6,60498084083786e-30
"comp824_c0_seq1"	54139,4779027487	-1,94502036655253	0,169339393469748	-11,4859296865262	1,5525625782209e-30	1,51673421103119e-29
"comp9523_c0_seq1"	29463,5653829545	3,36753038350569	0,293368413184081	11,4788444568933	1,68517635374356e-30	1,5853140512995e-29
"comp22239_c0_seq1"	39671,3748081503	3,91427320378889	0,342072868443154	11,442805217507	2,55488710529212e-30	2,31764758837213e-29
"comp404_c0_seq1"	71690,7874994895	-2,03813588344833	0,183763552487983	-11,0910779414846	1,38607354465161e-28	1,21400924255692e-27
"comp274_c0_seq1"	70189,7791309187	-2,46942167812965	0,222725492211748	-11,0872880046525	1,44605431964155e-28	1,22432599062985e-27
"comp866_c0_seq6"	601637,775820034	2,8447318618006	0,257891672580831	11,0307239986936	2,71669131562504e-28	2,22593417473794e-27
"comp84_c0_seq1"	160921,208321015	-1,64149150381797	0,150658487367332	-10,89544659914	1,21170627203159e-27	9,61791853425073e-27
"comp358_c0_seq1"	98109,0076197419	-1,45784664023682	0,134591257422576	-10,8316592634217	2,4369878022608e-27	1,87574212658862e-26
"comp11567_c0_seq1"	12562,723877713	2,78006005922832	0,258573949557848	10,7515086650535	5,83001431542864e-27	4,35536363564375e-26
"comp1897_c0_seq2"	1425492,27981569	2,88372758106733	0,271158380138748	10,6348458771282	2,05167672077283e-26	1,48893110593228e-25
"comp509_c0_seq1"	124181,887393603	-1,4110720079893	0,134376493996578	-10,5008842396589	8,557472541577e-26	6,03777229322377e-25
"comp2751_c0_seq1"	208910,717223192	1,87988779293353	0,179411184736801	10,4780969798029	1,08913208209942e-25	7,47674456360145e-25
"comp434_c0_seq1"	94668,5374316866	-1,3924379846741	0,134208731148099	-10,3751668968358	3,21649851364875e-25	2,14997532228101e-24
"comp393_c0_seq1"	31250,4259234659	-2,06734185588956	0,201295256102781	-10,2701966052989	9,60088000305154e-25	6,25288082250023e-24
"comp1897_c0_seq1"	3017117,03757787	2,49845060244083	0,243471077593212	10,2617962968694	1,0473997153301e-24	6,65098819234615e-24
"comp124_c1_seq1"	1199225,62311	2,85932740098376	0,279798762621089	10,2192281845647	1,62630570431278e-24	1,00751621681816e-23
"comp213_c0_seq1"	82292,9605082931	-1,54883611895847	0,152418940719793	-10,1617037334346	2,93895207623265e-24	1,77736625562641e-23
"comp848_c0_seq1"	99692,4621005056	-1,55444675940238	0,15459718022896	-10,0548196099064	8,74815025784407e-24	5,16751201277301e-23
"comp866_c0_seq7"	37880,9123823224	2,66529957084817	0,26768318799735	9,95691806716884	2,35242169559533e-23	1,35798888791185e-22
"comp1210_c0_seq1"	137632,148490485	1,90879864160801	0,192567476004654	9,91236257135071	3,67843138831358e-23	2,07627016140367e-22
"comp1201_c0_seq1"	60219,252771225	-1,79157294748522	0,182308246030344	-9,8271635348136	8,60070624122468e-23	4,7490856201545e-22
"comp194_c0_seq1"	27057,7547232318	-2,60084293976971	0,265170655381206	-9,808185359088	1,03818673371772e-22	5,61062617796383e-22
"comp61_c0_seq1"	191812,887922075	-1,29555060876062	0,132483289286899	-9,77897375385239	1,386088008186e-22	7,33369287055868e-22
"comp796_c0_seq1"	34362,3168710556	-3,51324127294501	0,359341006698837	-9,7769005135822	1,41476752227313e-22	7,33369287055868e-22
"comp1795_c0_seq1"	151112,813349239	1,85566921737562	0,191756173376914	9,67723325250205	3,76774184664209e-22	1,91401285809418e-21
"comp2678_c0_seq2"	162970,734545721	2,35113883092789	0,246655545006807	9,53207368949686	1,54172291555989e-21	7,67838471671006e-21
"comp1496_c0_seq1"	55032,972012967	-1,01901641985796	0,107194793511047	-9,50621188288351	1,97732064541397e-21	9,65845084490672e-21
"comp22419_c0_seq1"	321008,991504858	2,5006154452663	0,264843212041964	9,44187100732669	3,66181387708115e-21	1,75490702788417e-20
"comp1281_c0_seq1"	32669,755857965	-3,00585797253122	0,318631937660118	-9,43363679926382	3,96111262106615e-21	1,86319001064963e-20
"comp3011_c0_seq1"	16113,5140412494	2,19644066273969	0,235903789184343	9,31074770072183	1,2693557980584e-20	5,86211586739697e-20
"comp611_c0_seq2"	88241,4250206391	-1,22203043813051	0,131829688314053	-9,269766573515	1,86553743563513e-20	8,46154479734506e-20
"comp866_c0_seq3"	56207,9569039389	2,03779719634837	0,220778905987832	9,23003575559289	2,70541576260492e-20	1,2055712345643e-19
"comp2908_c0_seq2"	112220,564859832	1,61882172678136	0,175710857333468	9,21298633077138	3,17175419634086e-20	1,38900959632858e-19
"comp310_c0_seq1"	145966,110530529	-2,14333854926891	0,234299648527269	-9,14785217451771	5,8076698466172e-20	2,50025108650978e-19
"comp441_c0_seq1"	114450,811967505	-1,3288619197346	0,146733199212934	-9,05631395527742	1,34933304267486e-19	5,71217654732359e-19
"comp521_c0_seq1"	75258,3666649323	-1,34167419808779	0,150141224310549	-8,93608137437788	4,03215085300444e-19	1,67896117485759e-18
"comp824_c0_seq3"	77870,5254798252	-1,62456963789272	0,18392829038438	-8,83262511980969	1,02247249768545e-18	4,18883894213072e-18
"comp2459_c0_seq1"	134892,278585773	2,20737829190521	0,250718596496753	8,80420647988829	1,31781589080536e-18	5,31309898832637e-18
"comp1200_c0_seq1"	240083,022188218	2,19174459945845	0,249840850953556	8,77256297796504	1,74644780357011e-18	6,89118122569905e-18
"comp2284_c0_seq1"	123576,048780854	1,70659086048654	0,194561563111289	8,77146972503697	1,76349125854503e-18	6,89118122569905e-18
"comp27180_c0_seq1"	1451,73380931671	-13,8005385676565	1,57656038287947	-8,75357437464643	2,06699558964865e-18	7,95480120864784e-18
"comp2417_c0_seq1"	23427,0037044683	2,21598072524229	0,253826720894601	8,73028937785654	2,54021839984379e-18	9,63008169493017e-18
"comp590_c0_seq1"	2865202,20607176	2,23407865342496	0,256426162207477	8,71236629754395	2,97596219772428e-18	1,11160940914995e-17
"comp2784_c0_seq1"	202348,734614396	1,70815361069111	0,196142292837816	8,70874703245939	3,07252112520467e-18	1,13104400840867e-17
"comp82_c0_seq1"	158986,875291721	-1,15157418485073	0,133436428914641	-8,63013342171642	6,12804476977734e-18	2,22360481646206e-17
"comp610_c0_seq1"	107114,381385727	-1,1230822962145	0,131857752677071	-8,51737780610449	1,63206405224458e-17	5,83865167986089e-17
"comp185_c0_seq1"	157423,873398375	-1,46408115965295	0,172615516793363	-8,48174710391531	2,21837334253229e-17	7,82592818060004e-17
"comp6132_c0_seq2"	120981,957791713	1,94243454254342	0,2292731931924	8,47213978876884	2,40925763203837e-17	8,3828964183253e-17
"comp1509_c1_seq1"	223093,149203037	1,77692303852276	0,210021902771215	8,46065584149304	2,6587798032251e-17	9,12608202728616e-17
"comp866_c0_seq2"	712082,877474749	2,29575237175021	0,275882865360063	8,321475017138	8,68753306451706e-17	2,94217786451644e-16
"comp590_c0_seq3"	965896,367832609	2,34547940138825	0,283861252778349	8,26276703294795	1,42333861810561e-16	4,75694748682665e-16
"comp1657_c0_seq1"	192019,561092751	2,11490065998884	0,256077122765279	8,25884263752592	1,47091694439034e-16	4,85211563474217e-16
"comp590_c0_seq2"	480686,783325151	2,65356776955872	0,321914538819842	8,2430814690348	1,67831214481447e-16	5,46527288183174e-16
"comp253_c0_seq1"	115457,545749701	-1,12813911478597	0,137492248185466	-8,20511068568896	2,3037854138122e-16	7,40710753301643e-16
"comp680_c0_seq1"	133786,384433562	1,2000643815467	0,147049586790594	8,16095038237445	3,32398704264493e-16	1,05536588603977e-15
"comp138_c0_seq1"	147257,338354516	-1,55426744040127	0,193582891244807	-8,02895044291763	9,83100562245134e-16	3,08280917049709e-15
"comp2908_c0_seq1"	13835,8312129967	3,26090762737546	0,4077341685404	7,99763149369796	1,26835294159074e-15	3,9288005751713e-15
"comp973_c0_seq1"	238025,101716149	1,79085527245093	0,225305167016802	7,94857612971377	1,88667383702832e-15	5,77367656150836e-15
"comp736_c0_seq1"	71033,4115211188	-0,999237359007787	0,126443595113805	-7,90263325009408	2,73072162025689e-15	8,25718204220536e-15
"comp1277_c0_seq1"	216253,160400973	1,73573795642209	0,2206797605826	7,86541525983037	3,67875063451697e-15	1,09929724843213e-14
"comp1229_c0_seq1"	161751,73937563	1,53179544448037	0,196671862393177	7,78858462944781	6,77639770561559e-15	2,00140118282135e-14
"comp2232_c0_seq1"	43073,6684851098	-1,71417570283371	0,220580160881853	-7,77121431039239	7,77372436387896e-15	2,26957010163822e-14
"comp116_c0_seq1"	195630,062363085	1,54360980586174	0,199042760559456	7,75516678689075	8,8227443788961e-15	2,54656485481774e-14
"comp9536_c0_seq1"	773624,284199164	2,34864786071039	0,302991523514407	7,75152992225117	9,07919450741378e-15	2,59114090436303e-14
"comp403_c0_seq1"	113666,502196934	-1,27315221352729	0,166599620217716	-7,64198748990849	2,13893964970196e-14	6,0365630113811e-14
"comp590_c0_seq4"	102590,580072713	2,78527480430761	0,365171310138511	7,62731005141435	2,39702612570805e-14	6,69060039483346e-14
"comp836_c0_seq1"	55764,0693718476	-1,10893475219161	0,145998606289725	-7,59551601465976	3,06568314043171e-14	8,46395127901797e-14
"comp1292_c0_seq1"	120600,042253458	1,39297874367104	0,185382788629075	7,51406726574922	5,73181096841294e-14	1,56546235051278e-13
"comp200_c0_seq1"	140317,52407171	-0,918524137879711	0,124708397992717	-7,36537516850594	1,76649359860714e-13	4,77329121325758e-13
"comp3281_c0_seq1"	259242,039898641	5,38896023181965	0,732030114224338	7,36166467349477	1,81630768818926e-13	4,85623318736919e-13
"comp490_c0_seq1"	57557,1096561396	-1,24720968584328	0,170659955750945	-7,30815662265502	2,70832006274659e-13	7,16576349935036e-13
"comp470_c0_seq1"	204468,186146398	1,32869817007828	0,181855287447076	7,30634884875128	2,74498962043766e-13	7,18791096485738e-13
"comp14849_c0_seq1"	24345,3706607884	1,52120892253649	0,212951801580357	7,1434423716883	9,10220928749237e-13	2,35914403981945e-12
"comp8683_c0_seq1"	1550282,65725029	1,89469572744305	0,265614796189511	7,13324616935579	9,80290037228096e-13	2,51508757026198e-12
"comp1196_c0_seq3"	810522,589551443	1,86972885923287	0,267745103827584	6,9832420182626	2,8844487571744e-12	7,32649984322298e-12
"comp2605_c0_seq1"	109101,816152979	1,26653364868875	0,182216050265557	6,95072495997435	3,63413781424207e-12	9,13931687938105e-12
"comp4311_c1_seq1"	16236,2733579251	-1,37137682503898	0,201242142667121	-6,81456084130154	9,45521530717689e-12	2,35453400786562e-11
"comp1691_c0_seq1"	106740,989511111	1,45280850283074	0,218514957224197	6,64855404538812	2,95986298988851e-11	7,29907960613282e-11
"comp422_c0_seq1"	181817,365004392	-1,2348798056313	0,188130739595526	-6,56394488368166	5,24025777033162e-11	1,27983218621561e-10
"comp194_c0_seq2"	112486,596915725	-0,727322278863262	0,111056980283269	-6,54909107926495	5,788832019796e-11	1,40034603145541e-10
"comp5446_c0_seq1"	19306,2977888703	1,18341764510982	0,182120301511859	6,49799959304786	8,1395024745678e-11	1,95040908352851e-10
"comp1752_c0_seq1"	193785,119965188	1,80551102701837	0,278898203199906	6,47372771248811	9,56141391280261e-11	2,26971881668398e-10
"comp13642_c0_seq1"	857,966669890713	-27,4986038513885	4,25988296887293	-6,45524866582522	1,08041349711819e-10	2,54097248396316e-10
"comp1027_c0_seq1"	161363,986606039	1,12517564748709	0,174934030002252	6,43199980857127	1,25935899489436e-10	2,93465307067125e-10
"comp1579_c0_seq1"	147407,371724095	1,30310550603941	0,205687003143878	6,33538087541625	2,36755678949039e-10	5,46690385936871e-10
"comp1724_c0_seq1"	65089,7641032874	-1,83181144770569	0,290027149112064	-6,31599991005632	2,68420203451148e-10	6,14222807897222e-10
"comp1149_c0_seq1"	144521,617196894	1,32561580960035	0,212197454023661	6,24708630789007	4,18180013624191e-10	9,48372530897718e-10
"comp477_c1_seq2"	704172,638264768	2,22614770520142	0,363733799511426	6,12026627217933	9,34191174169301e-10	2,09986334724781e-09
"comp36339_c0_seq1"	444,987027877055	-26,6189023534363	4,43923325869021	-5,99628377295275	2,01884112781474e-09	4,49811970583285e-09
"comp8507_c0_seq6"	818,214603180499	-10,6414386376783	1,77629024674007	-5,9908219713574	2,08783092135035e-09	4,61138307846077e-09
"comp23874_c0_seq1"	626,463260800027	-27,7662824522051	4,71165117973528	-5,89311079980354	3,78992094962433e-09	8,29862001038431e-09
"comp5916_c0_seq1"	16127,3354701263	-1,40076408943623	0,239870291162836	-5,83967311102032	5,23033444596608e-09	1,13547431561999e-08
"comp2503_c0_seq1"	49216,437731635	-1,01496942085464	0,175248730194354	-5,79159358090086	6,97216929971105e-09	1,50078898485306e-08
"comp866_c0_seq4"	51429,9666962553	1,26524360335542	0,218758320581329	5,78375076199688	7,30531552601134e-09	1,55928583496376e-08
"comp2407_c0_seq1"	190258,931722477	1,17571145282917	0,203492392811612	5,77766783605328	7,57431523102812e-09	1,58998022205053e-08
"comp43962_c0_seq1"	607,331238236074	-26,9863066544019	4,66970865437024	-5,77901292174754	7,51401560613757e-09	1,58998022205053e-08
"comp135_c0_seq1"	63232,9512978269	-1,21580597269468	0,21076570342705	-5,76851903761225	7,99711802639594e-09	1,66497375303653e-08
"comp31806_c0_seq1"	429,731522042547	-27,1427401070852	4,71165209490424	-5,76076916554189	8,37314868130701e-09	1,72908923987966e-08
"comp21641_c0_seq1"	374,761472025909	-27,0703793116814	4,71165702387143	-5,74540531590698	9,17010596339904e-09	1,87839267314787e-08
"comp3048_c0_seq2"	97302,5405835045	0,928584924824226	0,16236997892961	5,7189446654223	1,0718769132079e-08	2,17805388763846e-08
"comp2274_c0_seq1"	75533,3835789925	1,21058569016025	0,212414131654354	5,69917679549755	1,20387328145679e-08	2,42685566261924e-08
"comp31319_c0_seq1"	367,624609575693	-26,649024105342	4,70276363561569	-5,66667308208297	1,45596752465471e-08	2,91193504930942e-08
"comp23364_c0_seq1"	363,35600496406	-26,618773906106	4,71167063685084	-5,64954046191508	1,60877316749679e-08	3,19240925425145e-08
"comp36139_c0_seq1"	267,28566375482	-26,5163439108885	4,71166812186573	-5,62780383190243	1,82518486801466e-08	3,59377485640097e-08
"comp227_c0_seq3"	77127,9709411841	-0,74724549797358	0,133431701045047	-5,60020963624908	2,1409273699187e-08	4,18304270737961e-08
"comp17875_c0_seq1"	155,56205614119	-25,8563575570402	4,71170529746898	-5,48768565192938	4,07233923991491e-08	7,89598600716327e-08
"comp36310_c0_seq1"	307,279081291318	-25,7222293323526	4,71170270619294	-5,45922163097089	4,78226488727557e-08	9,20223698006057e-08
"comp8507_c0_seq3"	321412,425700321	1,89230689378639	0,349961769439548	5,40718175250073	6,4024165364093e-08	1,22271714304358e-07
"comp309_c0_seq1"	752440,133081081	2,48485304390434	0,469440594766052	5,29322148874381	1,20180215929672e-07	2,27804289896543e-07
"comp3047_c0_seq1"	10219,9309600374	-1,99551601984265	0,379018967850085	-5,26495027719021	1,40227304892152e-07	2,63835077352642e-07
"comp4293_c0_seq1"	16131,6426632271	1,14909840673719	0,218918739758974	5,2489723264547	1,52950047454665e-07	2,85656706275623e-07
"comp1496_c0_seq2"	16770,8725638241	-1,36796336505322	0,261397391760873	-5,23327090541376	1,66536381141682e-07	3,08760881824724e-07
"comp4078_c0_seq1"	21584,4791916426	-0,935135307126131	0,180897512824185	-5,16942047752194	2,34821027869703e-07	4,32206819412351e-07
"comp8507_c0_seq7"	55044,4727871959	1,89714023843051	0,373275176558621	5,08241736276447	3,72661455158902e-07	6,80978486405476e-07
"comp477_c1_seq1"	238157,583929293	1,69523137268617	0,335650145784146	5,05059030654007	4,40446822553382e-07	7,99096378061136e-07
"comp75_c0_seq1"	213490,015745772	-0,891432409896186	0,178378429579044	-4,99742268165429	5,81016225134042e-07	1,04665334173083e-06
"comp144_c0_seq1"	118405,058251185	-1,0954743071785	0,223301694165088	-4,90580383312549	9,30454837397505e-07	1,66433470914765e-06
"comp13899_c0_seq1"	5948,17821044429	-1,47107091318171	0,30235301015496	-4,86540852504747	1,14220630383099e-06	2,02881399421728e-06
"comp37911_c0_seq1"	103,11439404184	-22,7839314562468	4,71235301756175	-4,83493731716126	1,33187597055427e-06	2,34928122583877e-06
"comp7267_c1_seq1"	13178,8796528776	-1,2467693566331	0,264561548982914	-4,71258715193572	2,44591417094861e-06	4,28456689255825e-06
"comp272_c0_seq1"	125346,879108265	-1,03454535424885	0,22495566231275	-4,59888559199965	4,24756952506643e-06	7,38960725593748e-06
"comp310_c0_seq3"	74544,0827262001	-0,786549704250173	0,171774982660582	-4,57895376886371	4,67307460835712e-06	8,07456428927012e-06
"comp1119_c0_seq1"	51725,8037474791	-0,681820753400533	0,150067477590052	-4,54342782560192	5,53467610552023e-06	9,49870088379823e-06
"comp9495_c0_seq1"	11996,3133899544	-1,45634504367677	0,324639983442252	-4,48603104347999	7,25621736909606e-06	1,23696591392644e-05
"comp3391_c0_seq1"	126844,850510293	1,63146056237704	0,364531641950439	4,47549780218762	7,62334831399024e-06	1,29088698116901e-05
"comp3048_c0_seq1"	5613,34456432963	1,34686467402406	0,305779907383405	4,40468664389804	1,05936897615474e-05	1,78198490028678e-05
"comp2196_c0_seq1"	893691,793658433	1,76102999606553	0,401110323061458	4,39038811722555	1,13148522030587e-05	1,89077135498481e-05
"comp9722_c0_seq1"	9468,27561273013	-0,864705998873066	0,199876526034271	-4,32620086024911	1,51703099534798e-05	2,51846975698291e-05
"comp72_c0_seq2"	82334,4943919847	-0,656533938400257	0,153281227545091	-4,28319859460364	1,84225600103964e-05	3,03852613158487e-05
"comp6132_c0_seq1"	14912,7703657403	1,18666134119353	0,282411005439107	4,20189482116126	2,64690114968705e-05	4,33750252916458e-05
"comp1827_c0_seq1"	28283,7033392181	-0,544781173370226	0,129709786357145	-4,20000054483335	2,66914338035878e-05	4,34591293981494e-05
"comp3946_c0_seq1"	12169,8286069257	-1,17137923112933	0,280465035546339	-4,17656064987748	2,95949859800552e-05	4,78797862352485e-05
"comp1644_c0_seq1"	181336,775745697	1,07347230974103	0,257495868465985	4,16889139284512	3,0608478864076e-05	4,92060356422487e-05
"comp468_c0_seq1"	133406,735342127	-0,841624355299666	0,202743117423511	-4,15118582566525	3,30757072409647e-05	5,28379222591512e-05
"comp866_c0_seq1"	76657,4584147136	0,83545886212411	0,201934801400031	4,13727032850109	3,51461953276827e-05	5,57945850826963e-05
"comp72_c0_seq4"	75858,9009709874	-0,762825782193206	0,196764314306565	-3,87685025550263	0,000105817438412877	0,000166941797247644
"comp8614_c0_seq1"	11760,4411211168	-0,966623944036934	0,253917650109859	-3,80684030282542	0,000140753569247409	0,000220687694992851
"comp591_c0_seq4"	25989,3047299803	-2,34489455596102	0,623348734872087	-3,76176997686888	0,000168715176476893	0,000262905857822889
"comp14573_c0_seq1"	11861,0226858718	0,875528186395803	0,23442590600846	3,73477573918049	0,00018788253597154	0,000290988805712019
"comp771_c0_seq1"	170237,537384137	-0,603489314339985	0,1681763362382	-3,58843180817794	0,000332672979276446	0,000512114768098287
"comp25551_c0_seq1"	638,364932613366	-13,7037008201268	3,83917725336766	-3,5694368651789	0,000357749418737435	0,000547399713007882
"comp3272_c0_seq1"	24444,7048491063	-0,618192724665289	0,174337071934652	-3,54596252997189	0,000391181825530262	0,000594971159788543
"comp4476_c0_seq1"	27777,0699655589	-0,901191312245698	0,258380251585333	-3,48784903922144	0,000486922915120395	0,000736181074051073
"comp4283_c0_seq1"	20450,2046716505	-0,399039786060134	0,114731391035592	-3,478034934104	0,00050510409167199	0,000759150528311749
"comp1129_c1_seq1"	3809,3537052276	-1,74303907821165	0,52379323041274	-3,32772356916137	0,000875587012661043	0,00130823000715238
"comp38530_c0_seq1"	5883,41400766245	1,60717148498255	0,504116860092643	3,18809310342685	0,00143214415462409	0,00212727845189777
"comp611_c0_seq1"	11461,019031752	-0,999800845985948	0,314747135815084	-3,17652087094237	0,00149053064010612	0,0022011324569009
"comp4977_c0_seq1"	31936,34854358	-0,874690314040591	0,278053674997917	-3,14576066670272	0,00165655503348509	0,00243216750581048
"comp239_c0_seq1"	122561,254603921	-0,566768371343516	0,182822418721035	-3,10010323300851	0,00193453204723301	0,00282397206894934
"comp45520_c0_seq1"	5795,39185573396	1,26049758081158	0,407099324005227	3,09629003656954	0,0019595858529246	0,00284419889510199
"comp9523_c0_seq3"	8811,0869429191	4,02608759401947	1,34548183074824	2,99230171824804	0,00276882465510066	0,00399591739997481
"comp7717_c0_seq1"	9337,08428000449	0,850943627994796	0,287057101818154	2,96437058203791	0,00303302790429092	0,00435248072141183
"comp8507_c0_seq4"	75133,2622962739	1,50840795376734	0,509296273700943	2,96174944066658	0,00305896602422531	0,00436504140535521
"comp5650_c0_seq2"	17511,4181369287	-0,903059723858749	0,306203591055232	-2,94921336731109	0,00318583942762295	0,00452068834981134
"comp4262_c0_seq1"	19797,4475729411	-0,490977891390582	0,170672734835147	-2,87672129860003	0,0040183032506445	0,00567027236479835
"comp25719_c0_seq1"	341,591204571808	-13,1334141954323	4,7116588886553	-2,78742890896768	0,00531281097528896	0,00745554689349942
"comp37424_c0_seq1"	330,100049933952	-13,084049413141	4,71166004268728	-2,77695107342221	0,00548714380943942	0,0076578820197671
"comp25717_c0_seq1"	273,981009573511	-12,815238950195	4,71166706926726	-2,71989484014795	0,00653026802687054	0,00906386928319736
"comp26972_c0_seq1"	260,478269982239	-12,7423310980319	4,71166921178387	-2,7044197131164	0,00684238025404836	0,00944545969852328
"comp3968_c0_seq1"	15498,5773804909	-0,558225573474997	0,208607004678088	-2,67596754162893	0,00745138611794058	0,0102305517511184
"comp3839_c0_seq1"	22694,9287145064	-0,44634363526079	0,167655441902262	-2,66226750647913	0,00776161676364822	0,0105991970858422
"comp22610_c0_seq1"	196,041402645011	-12,3323520454089	4,71168350097166	-2,61739822780238	0,00886029053754411	0,0120348331365572
"comp52197_c0_seq1"	179,098190255405	-12,2019528164005	4,71168896538356	-2,58971950526602	0,00960541626258893	0,012977530482434
"comp2713_c0_seq1"	20578,4104196381	-0,695559370643926	0,271808636852835	-2,55900393268416	0,0104972553878827	0,0141074225847735
"comp2229_c0_seq6"	4314,01895433466	1,44472614956565	0,568527007428183	2,54117417587792	0,0110480866457002	0,0147695474105676
"comp23314_c0_seq1"	149,410178532148	-11,9404983467089	4,71170152830182	-2,53422214352624	0,0112697263140676	0,0149869658836291
"comp18714_c0_seq1"	144,268416027575	-11,8899778743749	4,71170422943904	-2,52349835545396	0,0116193604056843	0,0153714455366865
"comp3272_c0_seq3"	30158,2962538435	-0,81494200218969	0,328732657476653	-2,47904180997766	0,0131735863129092	0,0173372586708754
"comp15460_c0_seq1"	118,245631792369	-11,6030272982372	4,71172150268432	-2,46258767451064	0,0137938443677136	0,0180599818010271
"comp3715_c0_seq1"	17389,2942991821	-0,379525388782171	0,156190929735443	-2,42988110401169	0,0151037766188042	0,0196736372368013
"comp20001_c0_seq1"	97,8789918077905	-11,3303288109253	4,71174142845435	-2,40470089094895	0,016185707393071	0,0209753554991838
"comp36452_c0_seq1"	89,9023882359048	-11,2076971196628	4,71175169257895	-2,37866887962603	0,0173752758589603	0,0224026399399793
"comp2487_c0_seq1"	25599,3818675638	-0,655280403444427	0,278985495352379	-2,34879739040468	0,0188341521923432	0,0241609831154302
"comp857_c0_seq1"	30200,9156885337	-0,579418467742283	0,250592024943706	-2,31219835456633	0,0207667549282487	0,026506310310428
"comp29648_c0_seq1"	69,4673686906061	-10,8356943604102	4,71178874236561	-2,29969868194261	0,0214652968557621	0,0272609270068178
"comp25678_c0_seq1"	8177,13148381919	1,00111019470078	0,441848522093531	2,26573168097837	0,0234678165722551	0,0296558478077254
"comp20913_c0_seq1"	57,7845345191551	-10,5700615496142	4,71182169602712	-2,2433067784646	0,0248770385657394	0,0312810286915733
"comp37902_c0_seq1"	102,709377905514	-10,5107199016186	4,71182992429752	-2,23070867804839	0,0257004324316624	0,0321571913184347
"comp2229_c0_seq1"	3358,33216507565	0,765238840169181	0,351234507511577	2,17871201093178	0,0293530689331969	0,0365474485736864
"comp18098_c0_seq1"	218,804265348871	-10,0935359177394	4,71189839138504	-2,14213785598472	0,0321823904263323	0,0398747666745776
"comp10145_c0_seq1"	5743,76455455743	1,02826854341531	0,487308500880956	2,11009769285044	0,034849941984914	0,0429703168163502
